0 0.15 0.7125 0.07666666666666666 0.085
0 0.11333333333333333 0.5941666666666666 0.09333333333333334 0.08666666666666667
0 0.09 0.4625 0.09833333333333333 0.09166666666666666
0 0.04583333333333333 0.34 0.056666666666666664 0.08
0 0.1825 0.21666666666666667 0.09666666666666666 0.095
0 0.2975 0.17583333333333334 0.06833333333333333 0.06333333333333334
0 0.18666666666666668 0.05 0.06333333333333334 0.06666666666666667
0 0.3616666666666667 0.04583333333333333 0.1 0.09166666666666666
0 0.014166666666666666 0.8466666666666667 0.028333333333333332 0.10666666666666667
0 0.2991666666666667 0.9375 0.07333333333333333 0.07
0 0.355 0.7775 0.07166666666666667 0.07666666666666666
0 0.4066666666666667 0.5933333333333334 0.075 0.09333333333333334
0 0.4766666666666667 0.44916666666666666 0.07 0.11666666666666667
0 0.545 0.265 0.07333333333333333 0.09166666666666666
0 0.6 0.12583333333333332 0.085 0.10166666666666667
0 0.74 0.21 0.09166666666666666 0.12333333333333334
0 0.7883333333333333 0.3516666666666667 0.095 0.12
0 0.9541666666666667 0.2975 0.09166666666666666 0.115
0 0.9858333333333333 0.40166666666666667 0.028333333333333332 0.13
0 0.6025 0.53 0.09666666666666666 0.10666666666666667
0 0.5083333333333333 0.7125 0.10166666666666667 0.10166666666666667
0 0.4608333333333333 0.9183333333333333 0.13 0.12666666666666668
0 0.705 0.8558333333333333 0.07833333333333334 0.07833333333333334
0 0.6841666666666667 0.955 0.105 0.09
0 0.8325 0.9175 0.115 0.14333333333333334
0 0.7991666666666667 0.6925 0.10166666666666667 0.1
0 0.93 0.6675 0.06833333333333333 0.08166666666666667
0 0.92 0.8366666666666667 0.05333333333333334 0.10666666666666667