0 0.8708333333333333 0.2 0.058333333333333334 0.05
0 0.7458333333333333 0.21083333333333334 0.07333333333333333 0.06666666666666667
0 0.8233333333333334 0.44583333333333336 0.08 0.051666666666666666
0 0.6566666666666666 0.4216666666666667 0.06666666666666667 0.08833333333333333
0 0.6291666666666667 0.2175 0.06 0.058333333333333334
0 0.5441666666666667 0.25083333333333335 0.085 0.07833333333333334
0 0.49583333333333335 0.3616666666666667 0.06 0.05333333333333334
0 0.24916666666666668 0.23916666666666667 0.09833333333333333 0.07166666666666667
0 0.35833333333333334 0.3258333333333333 0.08166666666666667 0.09666666666666666
0 0.13916666666666666 0.25083333333333335 0.095 0.075
0 0.016666666666666666 0.27166666666666667 0.03333333333333333 0.043333333333333335
0 0.02 0.42333333333333334 0.04 0.043333333333333335
0 0.0975 0.42916666666666664 0.08666666666666667 0.06666666666666667
0 0.21416666666666667 0.445 0.07166666666666667 0.06666666666666667
0 0.30916666666666665 0.44416666666666665 0.09666666666666666 0.095
0 0.4791666666666667 0.48083333333333333 0.065 0.09166666666666666
0 0.6316666666666667 0.5166666666666667 0.06333333333333334 0.07666666666666666
0 0.395 0.7016666666666667 0.08166666666666667 0.07666666666666666
0 0.44416666666666665 0.5941666666666666 0.06 0.06166666666666667
0 0.5766666666666667 0.6875 0.075 0.085
0 0.6958333333333333 0.6541666666666667 0.07 0.08833333333333333
0 0.6683333333333333 0.765 0.06666666666666667 0.08
0 0.6116666666666667 0.8833333333333333 0.07 0.07
0 0.4891666666666667 0.8441666666666666 0.07166666666666667 0.06666666666666667
0 0.38333333333333336 0.8508333333333333 0.08666666666666667 0.06833333333333333
0 0.2758333333333333 0.7333333333333333 0.08 0.06333333333333334
0 0.2791666666666667 0.8566666666666667 0.08666666666666667 0.06833333333333333
0 0.145 0.7291666666666666 0.09166666666666666 0.06333333333333334
0 0.13333333333333333 0.8583333333333333 0.08333333333333333 0.065
0 0.145 0.9858333333333333 0.08333333333333333 0.028333333333333332