0 0.0875 0.9058333333333334 0.12666666666666668 0.16333333333333333
0 0.20166666666666666 0.5641666666666667 0.10666666666666667 0.185
0 0.41083333333333333 0.76 0.145 0.12833333333333333
0 0.6533333333333333 0.81 0.195 0.135
0 0.905 0.7375 0.13 0.09333333333333334
0 0.8283333333333334 0.3525 0.185 0.135
0 0.5783333333333334 0.31166666666666665 0.17 0.10166666666666667
0 0.32916666666666666 0.2991666666666667 0.16833333333333333 0.11333333333333333
0 0.0975 0.3441666666666667 0.135 0.13
0 0.05 0.03916666666666667 0.07 0.07833333333333334
0 0.21916666666666668 0.03833333333333333 0.14833333333333334 0.07666666666666666
0 0.48 0.0275 0.14666666666666667 0.055
0 0.915 0.0625 0.14166666666666666 0.10166666666666667