0 0.0925 0.9033333333333333 0.08333333333333333 0.09
0 0.0225 0.7458333333333333 0.045 0.085
0 0.17083333333333334 0.38416666666666666 0.085 0.08833333333333333
0 0.23666666666666666 0.5483333333333333 0.14166666666666666 0.13666666666666666
0 0.30416666666666664 0.7316666666666667 0.08833333333333333 0.08833333333333333
0 0.41083333333333333 0.8925 0.12166666666666667 0.13166666666666665
0 0.41833333333333333 0.6 0.17333333333333334 0.11666666666666667
0 0.88 0.9341666666666667 0.11 0.13166666666666665
0 0.6716666666666666 0.5875 0.11333333333333333 0.09166666666666666
0 0.715 0.7991666666666667 0.11166666666666666 0.09833333333333333
0 0.9383333333333334 0.6775 0.06166666666666667 0.06333333333333334
0 0.9 0.5033333333333333 0.105 0.08666666666666667
0 0.8033333333333333 0.345 0.095 0.11166666666666666
0 0.9858333333333333 0.1225 0.028333333333333332 0.07166666666666667
0 0.64 0.1025 0.14666666666666667 0.145
0 0.7416666666666667 0.24083333333333334 0.07 0.058333333333333334
0 0.5133333333333333 0.3458333333333333 0.08666666666666667 0.08333333333333333