0 0.2658333333333333 0.115 0.23166666666666666 0.135
0 0.1 0.2725 0.07 0.08
0 0.09166666666666666 0.555 0.13833333333333334 0.13166666666666665
0 0.3441666666666667 0.455 0.06333333333333334 0.056666666666666664
0 0.27666666666666667 0.6758333333333333 0.16666666666666666 0.13333333333333333
0 0.4266666666666667 0.8316666666666667 0.135 0.13833333333333334
0 0.6041666666666666 0.9475 0.125 0.09666666666666666
0 0.8908333333333334 0.7266666666666667 0.04 0.03
0 0.9275 0.7708333333333334 0.04833333333333333 0.041666666666666664
0 0.9308333333333333 0.4533333333333333 0.13833333333333334 0.15
0 0.7566666666666667 0.3258333333333333 0.165 0.185
0 0.5733333333333334 0.19166666666666668 0.17666666666666667 0.14166666666666666