0 0.7708333333333334 0.9316666666666666 0.13833333333333334 0.12166666666666667
0 0.10416666666666667 0.9425 0.195 0.115
0 0.34833333333333333 0.7208333333333333 0.16 0.20333333333333334
0 0.11916666666666667 0.5466666666666666 0.195 0.18
0 0.30416666666666664 0.2175 0.195 0.18
0 0.59 0.3591666666666667 0.16166666666666665 0.18666666666666668
0 0.8075 0.445 0.041666666666666664 0.04666666666666667
0 0.6641666666666667 0.6275 0.175 0.18666666666666668
0 0.9616666666666667 0.6508333333333334 0.07666666666666666 0.17
0 0.9616666666666667 0.30666666666666664 0.07666666666666666 0.18666666666666668
0 0.8041666666666667 0.08916666666666667 0.20333333333333334 0.17833333333333334