0 0.5158333333333334 0.8166666666666667 0.11333333333333333 0.135
0 0.4708333333333333 0.685 0.075 0.08833333333333333
0 0.16 0.9275 0.08833333333333333 0.11666666666666667
0 0.14 0.6925 0.09666666666666666 0.1
0 0.13666666666666666 0.5 0.11833333333333333 0.12166666666666667
0 0.13 0.32 0.07333333333333333 0.08833333333333333
0 0.43583333333333335 0.2725 0.10333333333333333 0.11333333333333333
0 0.4575 0.4525 0.12166666666666667 0.105
0 0.8158333333333333 0.3983333333333333 0.075 0.08833333333333333
0 0.8233333333333334 0.18833333333333332 0.14666666666666667 0.135
0 0.835 0.5791666666666667 0.09333333333333334 0.08333333333333333
0 0.8958333333333334 0.9116666666666666 0.10333333333333333 0.06666666666666667