0 0.835 0.0425 0.14 0.085
0 0.5941666666666666 0.06833333333333333 0.15333333333333332 0.07666666666666666
0 0.3591666666666667 0.06833333333333333 0.135 0.08833333333333333
0 0.09833333333333333 0.07833333333333334 0.18333333333333332 0.08
0 0.8791666666666667 0.2725 0.19666666666666666 0.12333333333333334
0 0.625 0.3325 0.11666666666666667 0.06833333333333333
0 0.3616666666666667 0.31 0.17333333333333334 0.105
0 0.11916666666666667 0.3566666666666667 0.155 0.07666666666666666
0 0.15833333333333333 0.6766666666666666 0.14666666666666667 0.09833333333333333
0 0.37666666666666665 0.6508333333333334 0.155 0.12833333333333333
0 0.6366666666666667 0.6416666666666667 0.18833333333333332 0.15833333333333333
0 0.8591666666666666 0.6425 0.18166666666666667 0.15166666666666667
0 0.8958333333333334 0.8566666666666667 0.12666666666666668 0.06833333333333333
0 0.6258333333333334 0.89 0.07 0.05333333333333334
0 0.4008333333333333 0.9158333333333334 0.12 0.06666666666666667
0 0.6308333333333334 0.9 0.09666666666666666 0.06833333333333333
0 0.14916666666666667 0.94 0.18166666666666667 0.12