0 0.11833333333333333 0.9783333333333334 0.08 0.043333333333333335
0 0.16166666666666665 0.43 0.1 0.10166666666666667
0 0.175 0.31583333333333335 0.075 0.08833333333333333
0 0.32166666666666666 0.16 0.14166666666666666 0.095
0 0.5241666666666667 0.085 0.09833333333333333 0.09666666666666666
0 0.5141666666666667 0.21 0.10333333333333333 0.11666666666666667
0 0.475 0.5275 0.12666666666666668 0.22
0 0.4658333333333333 0.7408333333333333 0.08666666666666667 0.10666666666666667
0 0.7216666666666667 0.8208333333333333 0.10833333333333334 0.12833333333333333
0 0.7083333333333334 0.6691666666666667 0.10833333333333334 0.12833333333333333
0 0.7066666666666667 0.5158333333333334 0.08833333333333333 0.11166666666666666
0 0.7183333333333334 0.39166666666666666 0.09666666666666666 0.09333333333333334
0 0.7741666666666667 0.15 0.14 0.21