0 0.5325 0.8391666666666666 0.15 0.1
0 0.3383333333333333 0.8566666666666667 0.15166666666666667 0.08833333333333333
0 0.155 0.9158333333333334 0.155 0.11166666666666666
0 0.7408333333333333 0.7741666666666667 0.18 0.14166666666666666
0 0.7491666666666666 0.6158333333333333 0.095 0.15333333333333332
0 0.7166666666666667 0.4225 0.10333333333333333 0.14666666666666667
0 0.6716666666666666 0.24583333333333332 0.095 0.14666666666666667
0 0.645 0.05 0.1 0.1
0 0.46166666666666667 0.04416666666666667 0.15 0.08833333333333333
0 0.2608333333333333 0.065 0.16666666666666666 0.08
0 0.42916666666666664 0.38166666666666665 0.11166666666666666 0.15166666666666667
0 0.4058333333333333 0.595 0.11666666666666667 0.10666666666666667
0 0.22666666666666666 0.2575 0.13166666666666665 0.085
0 0.02666666666666667 0.275 0.05333333333333334 0.09
0 0.10333333333333333 0.6625 0.12166666666666667 0.14333333333333334