0 0.12916666666666668 0.26416666666666666 0.12833333333333333 0.12166666666666667
0 0.2733333333333333 0.2658333333333333 0.115 0.06
0 0.43166666666666664 0.21916666666666668 0.10666666666666667 0.09666666666666666
0 0.6341666666666667 0.22 0.11833333333333333 0.10166666666666667
0 0.6741666666666667 0.39416666666666667 0.07333333333333333 0.041666666666666664
0 0.8975 0.2375 0.155 0.16
0 0.12666666666666668 0.6966666666666667 0.135 0.11833333333333333
0 0.3025 0.7075 0.11833333333333333 0.09
0 0.45166666666666666 0.6841666666666667 0.13 0.06833333333333333
0 0.6575 0.6783333333333333 0.14333333333333334 0.09333333333333334
0 0.8816666666666667 0.6608333333333334 0.14333333333333334 0.10666666666666667