0 0.9258333333333333 0.7941666666666667 0.13333333333333333 0.1
0 0.6975 0.8516666666666667 0.15333333333333332 0.09666666666666666
0 0.4633333333333333 0.915 0.19 0.125
0 0.1775 0.955 0.12166666666666667 0.09
0 0.05583333333333333 0.6391666666666667 0.08833333333333333 0.08833333333333333
0 0.21833333333333332 0.5933333333333334 0.11166666666666666 0.08166666666666667
0 0.4583333333333333 0.5391666666666667 0.135 0.10333333333333333
0 0.6616666666666666 0.4675 0.15166666666666667 0.13
0 0.8391666666666666 0.43083333333333335 0.115 0.07833333333333334
0 0.765 0.058333333333333334 0.18666666666666668 0.11666666666666667
0 0.5641666666666667 0.0825 0.19166666666666668 0.12833333333333333
0 0.3525 0.135 0.14333333333333334 0.12
0 0.1175 0.19583333333333333 0.16666666666666666 0.11333333333333333