0 0.0925 0.145 0.11 0.09333333333333334
0 0.22166666666666668 0.1175 0.085 0.07
0 0.365 0.115 0.085 0.07166666666666667
0 0.5133333333333333 0.04416666666666667 0.08333333333333333 0.08833333333333333
0 0.7475 0.034166666666666665 0.115 0.06833333333333333
0 0.7525 0.15166666666666667 0.085 0.07333333333333333
0 0.8175 0.2683333333333333 0.08 0.08833333333333333
0 0.8358333333333333 0.4025 0.1 0.08833333333333333
0 0.3858333333333333 0.355 0.1 0.13666666666666666
0 0.5433333333333333 0.31666666666666665 0.11666666666666667 0.085
0 0.5141666666666667 0.5466666666666666 0.13666666666666666 0.10833333333333334
0 0.1275 0.475 0.09333333333333334 0.16166666666666665
0 0.028333333333333332 0.3875 0.056666666666666664 0.12833333333333333
0 0.021666666666666667 0.5483333333333333 0.043333333333333335 0.08
0 0.11833333333333333 0.815 0.09166666666666666 0.07
0 0.2683333333333333 0.845 0.09833333333333333 0.11833333333333333
0 0.4166666666666667 0.86 0.14666666666666667 0.12166666666666667
0 0.5808333333333333 0.88 0.10166666666666667 0.075
0 0.7308333333333333 0.92 0.12666666666666668 0.09833333333333333
0 0.9841666666666666 0.895 0.03166666666666667 0.07
0 0.98 0.71 0.04 0.07333333333333333
0 0.845 0.6791666666666667 0.08333333333333333 0.10166666666666667
0 0.6675 0.6533333333333333 0.09333333333333334 0.07666666666666666