0 0.8566666666666667 0.6191666666666666 0.09833333333333333 0.13666666666666666
0 0.89 0.8891666666666667 0.08333333333333333 0.115
0 0.6033333333333334 0.8008333333333333 0.10666666666666667 0.08833333333333333
0 0.5475 0.49583333333333335 0.10666666666666667 0.11166666666666666
0 0.4583333333333333 0.2775 0.08833333333333333 0.10666666666666667
0 0.4058333333333333 0.06833333333333333 0.10833333333333334 0.13
0 0.37083333333333335 0.7983333333333333 0.055 0.09333333333333334
0 0.028333333333333332 0.9025 0.056666666666666664 0.15166666666666667
0 0.3358333333333333 0.5658333333333333 0.12666666666666668 0.125
0 0.2075 0.3616666666666667 0.09666666666666666 0.10166666666666667
0 0.035833333333333335 0.3883333333333333 0.07 0.12833333333333333
0 0.17166666666666666 0.15666666666666668 0.115 0.10166666666666667
0 0.15833333333333333 0.029166666666666667 0.11666666666666667 0.058333333333333334