0 0.145 0.8183333333333334 0.06166666666666667 0.05333333333333334
0 0.26916666666666667 0.8016666666666666 0.07666666666666666 0.07
0 0.18 0.5708333333333333 0.08166666666666667 0.055
0 0.3475 0.5858333333333333 0.07 0.09
0 0.3858333333333333 0.7891666666666667 0.06333333333333334 0.06166666666666667
0 0.4683333333333333 0.7516666666666667 0.08833333333333333 0.08166666666666667
0 0.5116666666666667 0.6383333333333333 0.06166666666666667 0.055
0 0.7641666666666667 0.7475 0.10166666666666667 0.07666666666666666
0 0.6508333333333334 0.6666666666666666 0.085 0.09833333333333333
0 0.8733333333333333 0.73 0.09833333333333333 0.08
0 0.9875 0.7008333333333333 0.025 0.045
0 0.9808333333333333 0.55 0.03833333333333333 0.04666666666666667
0 0.9058333333333334 0.55 0.08833333333333333 0.07
0 0.7883333333333333 0.54 0.075 0.07
0 0.6941666666666667 0.545 0.1 0.09833333333333333
0 0.5216666666666666 0.5183333333333333 0.06833333333333333 0.09333333333333334
0 0.36833333333333335 0.49 0.06666666666666667 0.08
0 0.5941666666666666 0.29333333333333333 0.08333333333333333 0.07833333333333334
0 0.5508333333333333 0.4033333333333333 0.06333333333333334 0.06333333333333334
0 0.4141666666666667 0.31666666666666665 0.07833333333333334 0.08833333333333333
0 0.2966666666666667 0.3566666666666667 0.075 0.09166666666666666
0 0.31833333333333336 0.24416666666666667 0.07 0.08166666666666667
0 0.36916666666666664 0.1225 0.07333333333333333 0.07333333333333333
0 0.49333333333333335 0.15583333333333332 0.07333333333333333 0.07
0 0.5975 0.14416666666666667 0.08833333333333333 0.07166666666666667
0 0.7116666666666667 0.25583333333333336 0.08166666666666667 0.06666666666666667
0 0.7016666666666667 0.1325 0.08833333333333333 0.07166666666666667
0 0.8425 0.2525 0.09333333333333334 0.06666666666666667
0 0.8475 0.12333333333333334 0.085 0.06833333333333333