0 0.5975 0.13166666666666665 0.06166666666666667 0.06833333333333333
0 0.8291666666666667 0.29 0.06666666666666667 0.06166666666666667
0 0.6675 0.6616666666666666 0.10166666666666667 0.08666666666666667
0 0.8491666666666666 0.8883333333333333 0.08166666666666667 0.06
0 0.47583333333333333 0.37583333333333335 0.06666666666666667 0.07833333333333334
0 0.3883333333333333 0.5783333333333334 0.06333333333333334 0.06666666666666667
0 0.4866666666666667 0.8575 0.10333333333333333 0.10666666666666667
0 0.21666666666666667 0.6033333333333334 0.10166666666666667 0.09166666666666666
0 0.0275 0.5741666666666667 0.055 0.07166666666666667
0 0.10083333333333333 0.7208333333333333 0.06666666666666667 0.09166666666666666
0 0.0175 0.8458333333333333 0.035 0.09166666666666666