0 0.4741666666666667 0.8491666666666666 0.175 0.10666666666666667
0 0.7383333333333333 0.7358333333333333 0.135 0.07333333333333333
0 0.7508333333333334 0.5791666666666667 0.08 0.13333333333333333
0 0.4225 0.6691666666666667 0.135 0.12333333333333334
0 0.37833333333333335 0.5133333333333333 0.13666666666666666 0.115
0 0.32166666666666666 0.37583333333333335 0.12666666666666668 0.12666666666666668
0 0.6458333333333334 0.43333333333333335 0.155 0.11333333333333333
0 0.595 0.2575 0.14166666666666666 0.10333333333333333
0 0.5591666666666667 0.13083333333333333 0.13666666666666666 0.09166666666666666
0 0.24583333333333332 0.06416666666666666 0.11333333333333333 0.10833333333333334
0 0.5083333333333333 0.04083333333333333 0.17666666666666667 0.08166666666666667
0 0.08333333333333333 0.125 0.07166666666666667 0.12666666666666668