0 0.15666666666666668 0.9541666666666667 0.13833333333333334 0.08833333333333333
0 0.3983333333333333 0.93 0.15166666666666667 0.075
0 0.6333333333333333 0.9341666666666667 0.13333333333333333 0.085
0 0.8941666666666667 0.9283333333333333 0.18333333333333332 0.07666666666666666
0 0.1175 0.7208333333333333 0.195 0.12166666666666667
0 0.3725 0.665 0.11666666666666667 0.06666666666666667
0 0.635 0.6925 0.17166666666666666 0.10333333333333333
0 0.8783333333333333 0.65 0.15333333333333332 0.075
0 0.845 0.32916666666666666 0.145 0.09666666666666666
0 0.6258333333333334 0.35083333333333333 0.15333333333333332 0.12666666666666668
0 0.36583333333333334 0.35583333333333333 0.18666666666666668 0.155
0 0.14333333333333334 0.3516666666666667 0.18 0.14833333333333334
0 0.11083333333333334 0.13666666666666666 0.12666666666666668 0.06666666666666667
0 0.38166666666666665 0.10833333333333334 0.07 0.051666666666666666
0 0.6066666666666667 0.08583333333333333 0.11833333333333333 0.065
0 0.37666666666666665 0.09833333333333333 0.09666666666666666 0.06666666666666667
0 0.8575 0.06333333333333334 0.18 0.12