0 0.0575 0.10833333333333334 0.1 0.09
0 0.24 0.11666666666666667 0.08 0.07
0 0.32666666666666666 0.14916666666666667 0.04666666666666667 0.04666666666666667
0 0.44416666666666665 0.10833333333333334 0.04833333333333333 0.04833333333333333
0 0.4708333333333333 0.035 0.075 0.07
0 0.03916666666666667 0.33916666666666667 0.07833333333333334 0.075
0 0.16 0.3383333333333333 0.09166666666666666 0.06833333333333333
0 0.25916666666666666 0.33416666666666667 0.06333333333333334 0.06333333333333334
0 0.37583333333333335 0.3225 0.041666666666666664 0.06166666666666667
0 0.47 0.3258333333333333 0.05333333333333334 0.04833333333333333
0 0.5925 0.30083333333333334 0.08 0.07833333333333334
0 0.6516666666666666 0.17166666666666666 0.07 0.06333333333333334
0 0.6758333333333333 0.11083333333333334 0.04 0.043333333333333335
0 0.7425 0.030833333333333334 0.06166666666666667 0.06166666666666667
0 0.8325 0.01 0.095 0.02
0 0.93 0.12 0.035 0.08333333333333333
0 0.8525 0.18 0.06833333333333333 0.06
0 0.7933333333333333 0.31583333333333335 0.07333333333333333 0.06
0 0.9033333333333333 0.3025 0.06666666666666667 0.07333333333333333
0 0.7925 0.495 0.075 0.07166666666666667
0 0.7883333333333333 0.5933333333333334 0.06 0.06166666666666667
0 0.9833333333333333 0.8675 0.03333333333333333 0.105
0 0.9916666666666667 0.6808333333333333 0.016666666666666666 0.08833333333333333
0 0.7908333333333334 0.6933333333333334 0.07666666666666666 0.07833333333333334
0 0.8341666666666666 0.8708333333333333 0.055 0.06333333333333334
0 0.7641666666666667 0.8708333333333333 0.04833333333333333 0.056666666666666664
0 0.6633333333333333 0.88 0.065 0.06666666666666667
0 0.5758333333333333 0.8783333333333333 0.075 0.055
0 0.4691666666666667 0.8833333333333333 0.04666666666666667 0.056666666666666664
0 0.03666666666666667 0.5166666666666667 0.07333333333333333 0.08333333333333333
0 0.115 0.5075 0.06666666666666667 0.08333333333333333
0 0.20416666666666666 0.5116666666666667 0.08 0.09166666666666666
0 0.2833333333333333 0.5025 0.055 0.058333333333333334
0 0.37083333333333335 0.49916666666666665 0.04666666666666667 0.051666666666666666
0 0.47333333333333333 0.495 0.07 0.07833333333333334
0 0.5983333333333334 0.5008333333333334 0.075 0.075
0 0.13166666666666665 0.725 0.06166666666666667 0.07333333333333333
0 0.2175 0.7233333333333334 0.04833333333333333 0.058333333333333334
0 0.31 0.72 0.055 0.06333333333333334
0 0.39166666666666666 0.7175 0.06 0.051666666666666666
0 0.2866666666666667 0.88 0.06333333333333334 0.07666666666666666