0 0.9083333333333333 0.7241666666666666 0.10666666666666667 0.1
0 0.7616666666666667 0.6208333333333333 0.19 0.10166666666666667
0 0.5616666666666666 0.5083333333333333 0.14166666666666666 0.11333333333333333
0 0.92 0.2991666666666667 0.16 0.12833333333333333
0 0.7108333333333333 0.14833333333333334 0.12666666666666668 0.08833333333333333
0 0.49083333333333334 0.06 0.075 0.08666666666666667
0 0.36083333333333334 0.385 0.225 0.15333333333333332
0 0.18 0.24 0.18 0.16333333333333333
0 0.05416666666666667 0.5566666666666666 0.10833333333333334 0.13666666666666666
0 0.2375 0.655 0.008333333333333333 0.008333333333333333
0 0.1575 0.6708333333333333 0.15166666666666667 0.09833333333333333
0 0.3016666666666667 0.8 0.185 0.155
0 0.49083333333333334 0.895 0.19166666666666668 0.16
0 0.67 0.9666666666666667 0.15 0.06666666666666667