0 0.6525 0.0575 0.06833333333333333 0.043333333333333335
0 0.5166666666666667 0.060833333333333336 0.04833333333333333 0.04666666666666667
0 0.335 0.09333333333333334 0.051666666666666666 0.05333333333333334
0 0.5766666666666667 0.97 0.07833333333333334 0.056666666666666664
0 0.08916666666666667 0.6133333333333333 0.07833333333333334 0.09
0 0.12 0.7916666666666666 0.08666666666666667 0.09666666666666666
0 0.7125 0.3275 0.04666666666666667 0.075
0 0.8858333333333334 0.31333333333333335 0.09 0.09333333333333334
0 0.9091666666666667 0.4725 0.06 0.06833333333333333
0 0.6541666666666667 0.051666666666666666 0.065 0.05
0 0.26416666666666666 0.38 0.06833333333333333 0.058333333333333334
0 0.4075 0.6291666666666667 0.045 0.055
0 0.5725 0.615 0.09 0.06333333333333334
0 0.5475 0.3475 0.056666666666666664 0.058333333333333334
0 0.33916666666666667 0.19583333333333333 0.056666666666666664 0.09166666666666666
0 0.22666666666666666 0.21583333333333332 0.06833333333333333 0.043333333333333335
0 0.085 0.43916666666666665 0.07333333333333333 0.09166666666666666