0 0.9416666666666667 0.9425 0.11666666666666667 0.08833333333333333
0 0.67 0.965 0.09166666666666666 0.06166666666666667
0 0.7766666666666666 0.8825 0.09833333333333333 0.075
0 0.8658333333333333 0.785 0.125 0.1
0 0.9725 0.565 0.055 0.08
0 0.7125 0.4075 0.085 0.12666666666666668
0 0.5725 0.22166666666666668 0.11833333333333333 0.13833333333333334
0 0.8225 0.04 0.095 0.08
0 0.35583333333333333 0.385 0.11 0.08333333333333333
0 0.4558333333333333 0.6658333333333334 0.13166666666666665 0.11
0 0.28 0.8241666666666667 0.09 0.11666666666666667
0 0.21666666666666667 0.6666666666666666 0.10166666666666667 0.09166666666666666
0 0.08833333333333333 0.4483333333333333 0.11166666666666666 0.125