0 0.0375 0.2758333333333333 0.075 0.09166666666666666
0 0.06 0.4 0.12 0.13333333333333333
0 0.07333333333333333 0.5583333333333333 0.11666666666666667 0.125
0 0.30416666666666664 0.335 0.10166666666666667 0.08166666666666667
0 0.44 0.28583333333333333 0.09666666666666666 0.09166666666666666
0 0.6666666666666666 0.20666666666666667 0.185 0.14333333333333334
0 0.885 0.155 0.10666666666666667 0.13666666666666666
0 0.9508333333333333 0.5383333333333333 0.09833333333333333 0.17666666666666667
0 0.7625 0.6475 0.14833333333333334 0.11
0 0.545 0.6783333333333333 0.125 0.11
0 0.3883333333333333 0.67 0.13666666666666666 0.13333333333333333
0 0.5941666666666666 0.935 0.26166666666666666 0.13
0 0.8216666666666667 0.8808333333333334 0.10666666666666667 0.11666666666666667
0 0.9858333333333333 0.815 0.028333333333333332 0.13666666666666666