0 0.049166666666666664 0.8066666666666666 0.09833333333333333 0.15333333333333332
0 0.1625 0.9 0.13333333333333333 0.1
0 0.5666666666666667 0.8358333333333333 0.16666666666666666 0.12166666666666667
0 0.45 0.7216666666666667 0.12833333333333333 0.16
0 0.3275 0.5725 0.17833333333333334 0.14666666666666667
0 0.20333333333333334 0.4525 0.155 0.13833333333333334
0 0.16 0.2575 0.15166666666666667 0.2
0 0.3175 0.17916666666666667 0.17666666666666667 0.14
0 0.4766666666666667 0.295 0.12333333333333334 0.115
0 0.5616666666666666 0.39666666666666667 0.08166666666666667 0.10333333333333333
0 0.6716666666666666 0.5083333333333333 0.10166666666666667 0.09666666666666666
0 0.7366666666666667 0.0925 0.15166666666666667 0.13
0 0.83 0.2125 0.10166666666666667 0.11166666666666666
0 0.9391666666666667 0.27166666666666667 0.12166666666666667 0.16666666666666666
0 0.7775 0.5858333333333333 0.075 0.07166666666666667
0 0.875 0.715 0.09166666666666666 0.11