0 0.08666666666666667 0.76 0.12833333333333333 0.15333333333333332
0 0.20166666666666666 0.7283333333333334 0.06 0.075
0 0.2525 0.9183333333333333 0.115 0.135
0 0.26666666666666666 0.4558333333333333 0.11833333333333333 0.16
0 0.6091666666666666 0.6075 0.09333333333333334 0.08166666666666667
0 0.7716666666666666 0.6291666666666667 0.17 0.15833333333333333
0 0.8183333333333334 0.415 0.10333333333333333 0.09166666666666666
0 0.9458333333333333 0.3933333333333333 0.10833333333333334 0.10666666666666667
0 0.7258333333333333 0.18916666666666668 0.13833333333333334 0.11666666666666667
0 0.5008333333333334 0.115 0.14833333333333334 0.23
0 0.31666666666666665 0.0125 0.07 0.025