0 0.72 0.0375 0.14333333333333334 0.075
0 0.5791666666666667 0.155 0.095 0.105
0 0.19333333333333333 0.17833333333333334 0.13 0.105
0 0.0175 0.19166666666666668 0.035 0.08666666666666667
0 0.025833333333333333 0.33 0.051666666666666666 0.08666666666666667
0 0.10916666666666666 0.815 0.11333333333333333 0.105
0 0.26166666666666666 0.8166666666666667 0.12 0.09833333333333333
0 0.4125 0.8491666666666666 0.12166666666666667 0.105
0 0.6133333333333333 0.8358333333333333 0.12833333333333333 0.10833333333333334
0 0.7716666666666666 0.8833333333333333 0.125 0.09
0 0.6616666666666666 0.505 0.13 0.10666666666666667
0 0.37166666666666665 0.5125 0.115 0.1
0 0.3475 0.35083333333333333 0.11333333333333333 0.07666666666666666
0 0.6866666666666666 0.3466666666666667 0.11833333333333333 0.11833333333333333
0 0.925 0.7575 0.15 0.16833333333333333