0 0.115 0.6791666666666667 0.22833333333333333 0.25166666666666665
0 0.24916666666666668 0.39166666666666666 0.14666666666666667 0.19166666666666668
0 0.2866666666666667 0.05416666666666667 0.125 0.10333333333333333
0 0.42583333333333334 0.14666666666666667 0.11666666666666667 0.125
0 0.5583333333333333 0.2658333333333333 0.095 0.085
0 0.835 0.10833333333333334 0.06833333333333333 0.04666666666666667
0 0.9383333333333334 0.06666666666666667 0.11 0.13333333333333333
0 0.715 0.3466666666666667 0.12333333333333334 0.12333333333333334
0 0.8533333333333334 0.5091666666666667 0.09666666666666666 0.10666666666666667
0 0.9641666666666666 0.6016666666666667 0.07166666666666667 0.12
0 0.605 0.695 0.165 0.14666666666666667
0 0.94 0.9566666666666667 0.12 0.07333333333333333