0 0.10916666666666666 0.9941666666666666 0.055 0.011666666666666667
0 0.08166666666666667 0.9016666666666666 0.04 0.06166666666666667
0 0.0675 0.765 0.051666666666666666 0.041666666666666664
0 0.15 0.6758333333333333 0.07333333333333333 0.06333333333333334
0 0.18083333333333335 0.86 0.07833333333333334 0.04
0 0.22166666666666668 0.99 0.06 0.02
0 0.3125 0.9741666666666666 0.095 0.051666666666666666
0 0.27166666666666667 0.8158333333333333 0.058333333333333334 0.07833333333333334
0 0.24166666666666667 0.6758333333333333 0.056666666666666664 0.075
0 0.195 0.48583333333333334 0.06833333333333333 0.056666666666666664
0 0.09416666666666666 0.49833333333333335 0.06 0.04666666666666667
0 0.22583333333333333 0.25166666666666665 0.155 0.07
0 0.31666666666666665 0.4841666666666667 0.06666666666666667 0.07833333333333334
0 0.34 0.6208333333333333 0.06333333333333334 0.06833333333333333
0 0.385 0.7266666666666667 0.06333333333333334 0.058333333333333334
0 0.40166666666666667 0.8316666666666667 0.058333333333333334 0.07
0 0.4266666666666667 0.9375 0.058333333333333334 0.07833333333333334
0 0.5783333333333334 0.8341666666666666 0.06833333333333333 0.06166666666666667
0 0.5441666666666667 0.685 0.06833333333333333 0.11166666666666666
0 0.5 0.49583333333333335 0.056666666666666664 0.08833333333333333
0 0.45416666666666666 0.3025 0.055 0.07666666666666666
0 0.44166666666666665 0.1725 0.06666666666666667 0.056666666666666664
0 0.4325 0.050833333333333335 0.04833333333333333 0.056666666666666664
0 0.5516666666666666 0.03166666666666667 0.08333333333333333 0.06333333333333334
0 0.765 0.1175 0.07833333333333334 0.05333333333333334
0 0.6041666666666666 0.14333333333333334 0.08833333333333333 0.06666666666666667
0 0.6258333333333334 0.2683333333333333 0.07666666666666666 0.065
0 0.79 0.2783333333333333 0.06833333333333333 0.065
0 0.8016666666666666 0.38666666666666666 0.04666666666666667 0.05333333333333334
0 0.6575 0.37666666666666665 0.06666666666666667 0.07166666666666667
0 0.6866666666666666 0.47583333333333333 0.04833333333333333 0.05333333333333334
0 0.8158333333333333 0.49833333333333335 0.05 0.055
0 0.7033333333333334 0.5883333333333334 0.03833333333333333 0.055
0 0.8375 0.6066666666666667 0.04 0.065
0 0.7141666666666666 0.7033333333333334 0.056666666666666664 0.058333333333333334
0 0.9316666666666666 0.8041666666666667 0.06666666666666667 0.08
0 0.8975 0.7041666666666667 0.07166666666666667 0.055
0 0.91 0.9225 0.08 0.06833333333333333
0 0.7491666666666666 0.9508333333333333 0.06666666666666667 0.058333333333333334
0 0.7341666666666666 0.81 0.043333333333333335 0.041666666666666664
0 0.19 0.11666666666666667 0.07333333333333333 0.055