0 0.8075 0.1775 0.135 0.12166666666666667
0 0.4791666666666667 0.1775 0.13166666666666665 0.15
0 0.3325 0.3975 0.12166666666666667 0.10833333333333334
0 0.12 0.5016666666666667 0.11166666666666666 0.18
0 0.28583333333333333 0.625 0.11833333333333333 0.13333333333333333
0 0.055 0.7816666666666666 0.11 0.14333333333333334
0 0.32 0.9125 0.12 0.14
0 0.4625 0.9708333333333333 0.11833333333333333 0.058333333333333334
0 0.7708333333333334 0.8958333333333334 0.09333333333333334 0.12333333333333334
0 0.5666666666666667 0.8333333333333334 0.09333333333333334 0.09666666666666666
0 0.545 0.5991666666666666 0.15166666666666667 0.13333333333333333
0 0.8958333333333334 0.5508333333333333 0.13166666666666665 0.11166666666666666
0 0.9383333333333334 0.715 0.075 0.08833333333333333