0 0.19166666666666668 0.915 0.20333333333333334 0.17
0 0.34 0.72 0.19333333333333333 0.16166666666666665
0 0.03333333333333333 0.5541666666666667 0.06666666666666667 0.10166666666666667
0 0.18166666666666667 0.3516666666666667 0.17166666666666666 0.205
0 0.08166666666666667 0.13916666666666666 0.13166666666666665 0.13
0 0.4125 0.2725 0.18333333333333332 0.15833333333333333
0 0.565 0.575 0.19 0.17
0 0.825 0.34833333333333333 0.16 0.18
0 0.9716666666666667 0.5333333333333333 0.056666666666666664 0.13333333333333333
0 0.7233333333333334 0.7291666666666666 0.15166666666666667 0.14833333333333334
0 0.8575 0.8683333333333333 0.135 0.14333333333333334