0 0.7433333333333333 0.006666666666666667 0.12333333333333334 0.013333333333333334
0 0.63 0.32 0.13833333333333334 0.18166666666666667
0 0.4483333333333333 0.27666666666666667 0.07666666666666666 0.12333333333333334
0 0.3775 0.2375 0.055 0.07333333333333333
0 0.2225 0.23666666666666666 0.125 0.12333333333333334
0 0.22083333333333333 0.62 0.17166666666666666 0.135
0 0.5891666666666666 0.5633333333333334 0.1 0.07
0 0.5166666666666667 0.5008333333333334 0.07333333333333333 0.06166666666666667
0 0.6158333333333333 0.7308333333333333 0.15333333333333332 0.12333333333333334
0 0.8891666666666667 0.7291666666666666 0.11166666666666666 0.10833333333333334
0 0.8675 0.8983333333333333 0.125 0.11333333333333333
0 0.9408333333333333 0.5291666666666667 0.11833333333333333 0.11833333333333333