0 0.14666666666666667 0.18916666666666668 0.10666666666666667 0.09666666666666666
0 0.2683333333333333 0.2175 0.095 0.09
0 0.4008333333333333 0.2 0.09333333333333334 0.06
0 0.5558333333333333 0.1925 0.11333333333333333 0.08833333333333333
0 0.7525 0.14 0.07666666666666666 0.085
0 0.7683333333333333 0.32416666666666666 0.07666666666666666 0.10166666666666667
0 0.7925 0.4625 0.058333333333333334 0.06
0 0.5291666666666667 0.34833333333333333 0.075 0.11333333333333333
0 0.020833333333333332 0.38416666666666666 0.03666666666666667 0.06166666666666667
0 0.0675 0.4633333333333333 0.08333333333333333 0.08
0 0.19416666666666665 0.5425 0.09333333333333334 0.11
0 0.2425 0.6666666666666666 0.10333333333333333 0.12
0 0.325 0.79 0.105 0.09833333333333333
0 0.5258333333333334 0.6958333333333333 0.105 0.23
0 0.5291666666666667 0.9141666666666667 0.09166666666666666 0.09
0 0.7583333333333333 0.9658333333333333 0.10333333333333333 0.06833333333333333
0 0.8958333333333334 0.9458333333333333 0.065 0.10833333333333334
0 0.8425 0.8 0.10166666666666667 0.065
0 0.74 0.6841666666666667 0.07833333333333334 0.115