0 0.22333333333333333 0.04666666666666667 0.11333333333333333 0.09333333333333334
0 0.435 0.11833333333333333 0.135 0.14166666666666666
0 0.6533333333333333 0.15583333333333332 0.13833333333333334 0.08833333333333333
0 0.8666666666666667 0.21916666666666668 0.14833333333333334 0.115
0 0.6841666666666667 0.5158333333333334 0.15 0.10166666666666667
0 0.4716666666666667 0.47583333333333333 0.16833333333333333 0.1
0 0.29333333333333333 0.43583333333333335 0.11666666666666667 0.105
0 0.1125 0.19833333333333333 0.11333333333333333 0.14166666666666666
0 0.0825 0.7825 0.16166666666666665 0.1
0 0.3175 0.835 0.11333333333333333 0.06833333333333333
0 0.49583333333333335 0.9083333333333333 0.12833333333333333 0.085
0 0.6691666666666667 0.9391666666666667 0.07166666666666667 0.06166666666666667