0 0.07333333333333333 0.4166666666666667 0.09333333333333334 0.135
0 0.375 0.6841666666666667 0.15166666666666667 0.13833333333333334
0 0.49416666666666664 0.7991666666666667 0.15666666666666668 0.11
0 0.7216666666666667 0.5966666666666667 0.08833333333333333 0.14833333333333334
0 0.7916666666666666 0.4216666666666667 0.17 0.17666666666666667
0 0.5366666666666666 0.45666666666666667 0.145 0.10333333333333333
0 0.3616666666666667 0.28 0.16833333333333333 0.15166666666666667
0 0.5275 0.1225 0.14333333333333334 0.11833333333333333
0 0.6741666666666667 0.1225 0.13 0.10333333333333333
0 0.89 0.17583333333333334 0.09666666666666666 0.10666666666666667
0 0.8733333333333333 0.08333333333333333 0.10333333333333333 0.058333333333333334