0 0.175 0.0275 0.16 0.055
0 0.2875 0.1225 0.075 0.06833333333333333
0 0.5583333333333333 0.22916666666666666 0.105 0.08333333333333333
0 0.6633333333333333 0.25666666666666665 0.056666666666666664 0.05333333333333334
0 0.3 0.4083333333333333 0.14666666666666667 0.1
0 0.11916666666666667 0.47333333333333333 0.15166666666666667 0.065
0 0.06916666666666667 0.7483333333333333 0.06833333333333333 0.055
0 0.2575 0.7675 0.07666666666666666 0.1
0 0.7233333333333334 0.7358333333333333 0.095 0.10833333333333334
0 0.7908333333333334 0.9233333333333333 0.095 0.08666666666666667
0 0.6458333333333334 0.4975 0.07833333333333334 0.07833333333333334
0 0.5933333333333334 0.3825 0.058333333333333334 0.06666666666666667
0 0.3566666666666667 0.2966666666666667 0.06166666666666667 0.055