0 0.02666666666666667 0.059166666666666666 0.05333333333333334 0.045
0 0.10916666666666666 0.1975 0.09 0.065
0 0.19833333333333333 0.12833333333333333 0.08 0.07
0 0.3175 0.06666666666666667 0.07833333333333334 0.08166666666666667
0 0.41833333333333333 0.14666666666666667 0.11 0.10666666666666667
0 0.17916666666666667 0.37583333333333335 0.085 0.056666666666666664
0 0.3125 0.33666666666666667 0.08333333333333333 0.06
0 0.5616666666666666 0.25666666666666665 0.085 0.056666666666666664
0 0.65 0.31083333333333335 0.07 0.08166666666666667
0 0.21166666666666667 0.5541666666666667 0.08333333333333333 0.17333333333333334
0 0.4025 0.4216666666666667 0.06333333333333334 0.085
0 0.4841666666666667 0.515 0.07666666666666666 0.095
0 0.45 0.6241666666666666 0.056666666666666664 0.06166666666666667
0 0.2658333333333333 0.7275 0.06666666666666667 0.055
0 0.775 0.4083333333333333 0.075 0.07
0 0.8483333333333334 0.5541666666666667 0.05 0.10166666666666667
0 0.9241666666666667 0.8866666666666667 0.07833333333333334 0.08666666666666667
0 0.7458333333333333 0.6491666666666667 0.06666666666666667 0.07
0 0.6933333333333334 0.7308333333333333 0.06166666666666667 0.06833333333333333
0 0.5775 0.8425 0.07833333333333334 0.12166666666666667
0 0.4825 0.8875 0.06666666666666667 0.056666666666666664
0 0.38083333333333336 0.9491666666666667 0.10333333333333333 0.06
0 0.31666666666666665 0.9891666666666666 0.1 0.021666666666666667