0 0.09166666666666666 0.9875 0.05333333333333334 0.025
0 0.06833333333333333 0.8866666666666667 0.03833333333333333 0.06
0 0.058333333333333334 0.75 0.05 0.04
0 0.14416666666666667 0.6633333333333333 0.07166666666666667 0.06
0 0.16916666666666666 0.8483333333333334 0.07666666666666666 0.03833333333333333
0 0.20416666666666666 0.9858333333333333 0.058333333333333334 0.028333333333333332
0 0.295 0.9716666666666667 0.09333333333333334 0.056666666666666664
0 0.2608333333333333 0.8075 0.056666666666666664 0.07666666666666666
0 0.235 0.6666666666666666 0.055 0.07333333333333333
0 0.19583333333333333 0.475 0.06666666666666667 0.05333333333333334
0 0.09416666666666666 0.4841666666666667 0.058333333333333334 0.045
0 0.235 0.2425 0.15333333333333332 0.06333333333333334
0 0.3175 0.47833333333333333 0.065 0.07666666666666666
0 0.33666666666666667 0.6158333333333333 0.06166666666666667 0.06666666666666667
0 0.3775 0.7225 0.06166666666666667 0.056666666666666664
0 0.39 0.8283333333333334 0.056666666666666664 0.06833333333333333
0 0.4116666666666667 0.935 0.056666666666666664 0.07666666666666666
0 0.5666666666666667 0.8366666666666667 0.06666666666666667 0.06
0 0.5375 0.6858333333333333 0.065 0.11
0 0.5 0.49583333333333335 0.05333333333333334 0.08666666666666667
0 0.46166666666666667 0.30083333333333334 0.051666666666666666 0.075
0 0.4533333333333333 0.17083333333333334 0.065 0.05333333333333334
0 0.4483333333333333 0.049166666666666664 0.04666666666666667 0.055
0 0.5683333333333334 0.0325 0.08 0.065
0 0.7483333333333333 0.005833333333333334 0.09333333333333334 0.011666666666666667
0 0.7783333333333333 0.1275 0.07833333333333334 0.05
0 0.6166666666666667 0.14666666666666667 0.08666666666666667 0.06333333333333334
0 0.6341666666666667 0.2733333333333333 0.075 0.06333333333333334
0 0.7975 0.2891666666666667 0.06666666666666667 0.06166666666666667
0 0.805 0.39666666666666667 0.045 0.05333333333333334
0 0.6616666666666666 0.38166666666666665 0.065 0.07
0 0.6875 0.4825 0.04666666666666667 0.05333333333333334
0 0.815 0.5091666666666667 0.04833333333333333 0.05333333333333334
0 0.7 0.595 0.03666666666666667 0.05333333333333334
0 0.8333333333333334 0.6183333333333333 0.03666666666666667 0.065
0 0.7075 0.7108333333333333 0.055 0.056666666666666664
0 0.9208333333333333 0.8191666666666667 0.06333333333333334 0.07833333333333334
0 0.8908333333333334 0.7175 0.07 0.051666666666666666
0 0.895 0.9366666666666666 0.07833333333333334 0.065
0 0.7333333333333333 0.9591666666666666 0.065 0.056666666666666664
0 0.7233333333333334 0.8183333333333334 0.041666666666666664 0.04
0 0.20333333333333334 0.10583333333333333 0.07166666666666667 0.05333333333333334