0 0.4008333333333333 0.05583333333333333 0.16166666666666665 0.11166666666666666
0 0.07 0.4075 0.14 0.145
0 0.2275 0.6733333333333333 0.18333333333333332 0.13
0 0.4008333333333333 0.3933333333333333 0.14166666666666666 0.13
0 0.5241666666666667 0.18333333333333332 0.17333333333333334 0.16
0 0.8208333333333333 0.06 0.15833333333333333 0.12
0 0.8875 0.16833333333333333 0.13166666666666665 0.12666666666666668
0 0.9375 0.2866666666666667 0.08333333333333333 0.13833333333333334
0 0.6716666666666666 0.31083333333333335 0.12166666666666667 0.15166666666666667
0 0.7316666666666667 0.4483333333333333 0.15666666666666668 0.14333333333333334
0 0.84 0.6058333333333333 0.17 0.165
0 0.5933333333333334 0.775 0.18166666666666667 0.17
0 0.4625 0.8983333333333333 0.15166666666666667 0.13833333333333334
0 0.095 0.9766666666666667 0.03333333333333333 0.04666666666666667