0 0.06666666666666667 0.9583333333333334 0.12666666666666668 0.08333333333333333
0 0.3458333333333333 0.9708333333333333 0.09 0.058333333333333334
0 0.23666666666666666 0.8916666666666667 0.095 0.07166666666666667
0 0.14416666666666667 0.7983333333333333 0.12166666666666667 0.09666666666666666
0 0.0275 0.5816666666666667 0.055 0.07833333333333334
0 0.2841666666666667 0.415 0.08 0.12333333333333334
0 0.4175 0.22416666666666665 0.11333333333333333 0.135
0 0.15916666666666668 0.045 0.09166666666666666 0.09
0 0.64 0.38 0.10833333333333334 0.08
0 0.55 0.6641666666666667 0.12833333333333333 0.105
0 0.7316666666666667 0.8166666666666667 0.08666666666666667 0.11333333333333333
0 0.7891666666666667 0.6566666666666666 0.09833333333333333 0.08833333333333333
0 0.91 0.43416666666666665 0.10666666666666667 0.12