0 0.9425 0.6825 0.09 0.165
0 0.7708333333333334 0.7691666666666667 0.15833333333333333 0.15333333333333332
0 0.9425 0.11416666666666667 0.115 0.08833333333333333
0 0.7675 0.535 0.15 0.12666666666666668
0 0.7 0.3458333333333333 0.12333333333333334 0.11
0 0.6241666666666666 0.15916666666666668 0.15 0.14666666666666667
0 0.17833333333333334 0.0375 0.09666666666666666 0.075
0 0.35833333333333334 0.30416666666666664 0.155 0.15
0 0.4225 0.48333333333333334 0.13166666666666665 0.14333333333333334
0 0.49916666666666665 0.6708333333333333 0.14 0.13166666666666665
0 0.08583333333333333 0.43916666666666665 0.12666666666666668 0.10666666666666667
0 0.028333333333333332 0.8666666666666667 0.056666666666666664 0.10666666666666667