0 0.36083333333333334 0.22916666666666666 0.15666666666666668 0.09666666666666666
0 0.7825 0.3258333333333333 0.21166666666666667 0.10666666666666667
0 0.8191666666666667 0.4708333333333333 0.13833333333333334 0.11
0 0.7891666666666667 0.5733333333333334 0.13666666666666666 0.115
0 0.7683333333333333 0.6958333333333333 0.14333333333333334 0.11666666666666667
0 0.7441666666666666 0.8266666666666667 0.115 0.11333333333333333
0 0.6775 0.9108333333333334 0.17166666666666666 0.08666666666666667
0 0.5825 0.7558333333333334 0.09166666666666666 0.085
0 0.575 0.6266666666666667 0.07 0.075
0 0.2683333333333333 0.5683333333333334 0.125 0.11833333333333333
0 0.3975 0.5766666666666667 0.105 0.06333333333333334
0 0.3075 0.34 0.105 0.06833333333333333
0 0.24 0.6708333333333333 0.105 0.07666666666666666
0 0.36333333333333334 0.6991666666666667 0.075 0.07333333333333333
0 0.22333333333333333 0.7966666666666666 0.14166666666666666 0.095