0 0.7158333333333333 0.8658333333333333 0.13166666666666665 0.11833333333333333
0 0.38416666666666666 0.7391666666666666 0.11166666666666666 0.08166666666666667
0 0.6725 0.6933333333333334 0.07666666666666666 0.08333333333333333
0 0.6983333333333334 0.525 0.13333333333333333 0.09
0 0.725 0.30666666666666664 0.16166666666666665 0.17666666666666667
0 0.9725 0.5716666666666667 0.055 0.11166666666666666
0 0.23833333333333334 0.5358333333333334 0.13833333333333334 0.16166666666666665
0 0.3675 0.2966666666666667 0.12166666666666667 0.11
0 0.0375 0.14583333333333334 0.055 0.10666666666666667
0 0.1325 0.0425 0.125 0.085
0 0.30583333333333335 0.0175 0.09166666666666666 0.035
0 0.7241666666666666 0.0475 0.12333333333333334 0.07833333333333334