0 0.9566666666666667 0.6741666666666667 0.08666666666666667 0.14166666666666666
0 0.9566666666666667 0.265 0.056666666666666664 0.17166666666666666
0 0.6983333333333334 0.25333333333333335 0.11833333333333333 0.10666666666666667
0 0.42583333333333334 0.28583333333333333 0.17833333333333334 0.12666666666666668
0 0.5358333333333334 0.38 0.065 0.07166666666666667
0 0.7275 0.7141666666666666 0.10333333333333333 0.075
0 0.5841666666666666 0.6841666666666667 0.06 0.08333333333333333
0 0.46 0.7291666666666666 0.19166666666666668 0.14166666666666666
0 0.21416666666666667 0.7325 0.15833333333333333 0.13333333333333333
0 0.15666666666666668 0.33666666666666667 0.17 0.16166666666666665
0 0.2675 0.4975 0.03 0.03