0 0.7333333333333333 0.03666666666666667 0.12 0.07333333333333333
0 0.6108333333333333 0.13166666666666665 0.10833333333333334 0.06166666666666667
0 0.43666666666666665 0.18666666666666668 0.07333333333333333 0.05333333333333334
0 0.2725 0.22333333333333333 0.13666666666666666 0.07833333333333334
0 0.16833333333333333 0.5883333333333334 0.11833333333333333 0.095
0 0.3725 0.5883333333333334 0.10833333333333334 0.08
0 0.8816666666666667 0.41083333333333333 0.11 0.07666666666666666
0 0.7708333333333334 0.7383333333333333 0.11333333333333333 0.09833333333333333
0 0.58 0.7708333333333334 0.10166666666666667 0.09166666666666666
0 0.4175 0.8141666666666667 0.11166666666666666 0.06833333333333333
0 0.2525 0.8708333333333333 0.115 0.10166666666666667