0 0.7083333333333334 0.9483333333333334 0.09166666666666666 0.07333333333333333
0 0.6041666666666666 0.8791666666666667 0.10666666666666667 0.16833333333333333
0 0.5808333333333333 0.7041666666666667 0.08333333333333333 0.06
0 0.6758333333333333 0.6308333333333334 0.06833333333333333 0.058333333333333334
0 0.58 0.5816666666666667 0.095 0.135
0 0.20833333333333334 0.6375 0.11833333333333333 0.20833333333333334
0 0.23333333333333334 0.37916666666666665 0.15333333333333332 0.15666666666666668
0 0.2916666666666667 0.14583333333333334 0.12333333333333334 0.11
0 0.2733333333333333 0.04666666666666667 0.09833333333333333 0.06
0 0.6458333333333334 0.37833333333333335 0.17666666666666667 0.13333333333333333
0 0.74 0.1525 0.115 0.15833333333333333
0 0.8475 0.014166666666666666 0.11166666666666666 0.028333333333333332