0 0.9258333333333333 0.20416666666666666 0.14833333333333334 0.16166666666666665
0 0.7758333333333334 0.13583333333333333 0.12833333333333333 0.17
0 0.6141666666666666 0.0775 0.115 0.15
0 0.43916666666666665 0.0475 0.14833333333333334 0.095
0 0.0925 0.27166666666666667 0.155 0.14666666666666667
0 0.25833333333333336 0.32083333333333336 0.11333333333333333 0.15166666666666667
0 0.43 0.3983333333333333 0.09166666666666666 0.145
0 0.5858333333333333 0.4891666666666667 0.10666666666666667 0.11166666666666666
0 0.7366666666666667 0.5575 0.13 0.16166666666666665
0 0.915 0.6491666666666667 0.16333333333333333 0.16666666666666666
0 0.905 0.97 0.12666666666666668 0.06
0 0.755 0.9033333333333333 0.14833333333333334 0.145
0 0.59 0.8566666666666667 0.058333333333333334 0.15833333333333333
0 0.43333333333333335 0.7533333333333333 0.09833333333333333 0.13833333333333334
0 0.27416666666666667 0.6758333333333333 0.12333333333333334 0.135
0 0.13666666666666666 0.5608333333333333 0.11333333333333333 0.12166666666666667