0 0.1 0.15833333333333333 0.06 0.04
0 0.22583333333333333 0.5166666666666667 0.03833333333333333 0.06
0 0.3458333333333333 0.4816666666666667 0.055 0.03666666666666667
0 0.435 0.4725 0.06166666666666667 0.05333333333333334
0 0.15916666666666668 0.8708333333333333 0.105 0.06333333333333334
0 0.28583333333333333 0.76 0.056666666666666664 0.05333333333333334
0 0.265 0.6433333333333333 0.051666666666666666 0.03833333333333333
0 0.31833333333333336 0.8583333333333333 0.06833333333333333 0.045
0 0.3858333333333333 0.6241666666666666 0.06166666666666667 0.04666666666666667
0 0.6458333333333334 0.6916666666666667 0.058333333333333334 0.03833333333333333
0 0.8158333333333333 0.7475 0.05 0.03333333333333333
0 0.7558333333333334 0.6408333333333334 0.055 0.056666666666666664
0 0.7341666666666666 0.5425 0.03666666666666667 0.043333333333333335
0 0.6941666666666667 0.3516666666666667 0.056666666666666664 0.05
0 0.6791666666666667 0.24083333333333334 0.06666666666666667 0.04
0 0.5575 0.12833333333333333 0.07666666666666666 0.05333333333333334
0 0.7316666666666667 0.056666666666666664 0.075 0.045
0 0.6458333333333334 0.0925 0.05333333333333334 0.023333333333333334
0 0.835 0.20083333333333334 0.055 0.06166666666666667
0 0.9841666666666666 0.6166666666666667 0.03166666666666667 0.04
0 0.5025 0.29583333333333334 0.085 0.07
0 0.7166666666666667 0.1225 0.07166666666666667 0.06333333333333334
0 0.43833333333333335 0.9633333333333334 0.028333333333333332 0.065
0 0.5241666666666667 0.5091666666666667 0.07833333333333334 0.041666666666666664
0 0.5116666666666667 0.5908333333333333 0.1 0.06166666666666667
0 0.7883333333333333 0.3225 0.056666666666666664 0.06166666666666667
0 0.8616666666666667 0.49416666666666664 0.06 0.04833333333333333
0 0.86 0.6675 0.043333333333333335 0.06833333333333333
0 0.35833333333333334 0.835 0.03666666666666667 0.07166666666666667
0 0.6491666666666667 0.8741666666666666 0.058333333333333334 0.04833333333333333
0 0.45166666666666666 0.42583333333333334 0.07666666666666666 0.058333333333333334
0 0.4225 0.035 0.105 0.03
0 0.7825 0.21916666666666668 0.06666666666666667 0.06666666666666667