0 0.075 0.7441666666666666 0.06 0.055
0 0.04583333333333333 0.335 0.03 0.10833333333333334
0 0.24 0.5375 0.06 0.055
0 0.23083333333333333 0.4425 0.05333333333333334 0.06833333333333333
0 0.225 0.6316666666666667 0.055 0.075
0 0.2325 0.8141666666666667 0.05 0.065
0 0.25416666666666665 0.98 0.06166666666666667 0.04
0 0.3491666666666667 0.9775 0.07166666666666667 0.045
0 0.5583333333333333 0.9275 0.07166666666666667 0.105
0 0.5716666666666667 0.6583333333333333 0.06166666666666667 0.06166666666666667
0 0.7316666666666667 0.4741666666666667 0.05 0.055
0 0.7383333333333333 0.5641666666666667 0.041666666666666664 0.051666666666666666
0 0.7316666666666667 0.6566666666666666 0.065 0.07
0 0.935 0.9108333333333334 0.06166666666666667 0.065
0 0.9025 0.5141666666666667 0.03833333333333333 0.06833333333333333
0 0.8966666666666666 0.2891666666666667 0.065 0.07333333333333333
0 0.41583333333333333 0.30916666666666665 0.055 0.041666666666666664
0 0.34 0.30666666666666664 0.051666666666666666 0.03
0 0.14833333333333334 0.1875 0.06 0.041666666666666664
0 0.4275 0.15166666666666667 0.045 0.05
0 0.5241666666666667 0.15333333333333332 0.051666666666666666 0.03