0 0.8783333333333333 0.28833333333333333 0.09 0.18
0 0.7891666666666667 0.6458333333333334 0.09166666666666666 0.09666666666666666
0 0.7375 0.9233333333333333 0.07666666666666666 0.07833333333333334
0 0.5075 0.885 0.10166666666666667 0.08
0 0.23333333333333334 0.8141666666666667 0.10166666666666667 0.11333333333333333
0 0.6258333333333334 0.905 0.09666666666666666 0.065
0 0.5741666666666667 0.465 0.09 0.07666666666666666
0 0.6958333333333333 0.3416666666666667 0.056666666666666664 0.045
0 0.7533333333333333 0.18166666666666667 0.056666666666666664 0.08666666666666667
0 0.6608333333333334 0.16166666666666665 0.04666666666666667 0.08333333333333333
0 0.44916666666666666 0.12916666666666668 0.12666666666666668 0.08166666666666667
0 0.1075 0.12833333333333333 0.11833333333333333 0.14333333333333334
0 0.3125 0.55 0.09166666666666666 0.07333333333333333
0 0.31416666666666665 0.44916666666666666 0.06 0.06833333333333333