0 0.3025 0.06666666666666667 0.10333333333333333 0.08833333333333333
0 0.12833333333333333 0.18166666666666667 0.09666666666666666 0.13333333333333333
0 0.3225 0.3016666666666667 0.10166666666666667 0.095
0 0.5416666666666666 0.3416666666666667 0.07666666666666666 0.08666666666666667
0 0.6641666666666667 0.4 0.08333333333333333 0.08333333333333333
0 0.9191666666666667 0.44666666666666666 0.09666666666666666 0.1
0 0.805 0.6208333333333333 0.10333333333333333 0.08666666666666667
0 0.1075 0.62 0.12333333333333334 0.09166666666666666
0 0.10666666666666667 0.4508333333333333 0.03166666666666667 0.028333333333333332
0 0.2783333333333333 0.6558333333333334 0.09666666666666666 0.08
0 0.39 0.7425 0.085 0.11
0 0.5416666666666666 0.7991666666666667 0.12166666666666667 0.10833333333333334
0 0.7325 0.8991666666666667 0.09166666666666666 0.08666666666666667