0 0.8025 0.059166666666666666 0.20166666666666666 0.11833333333333333
0 0.7825 0.23666666666666666 0.12833333333333333 0.12833333333333333
0 0.665 0.44666666666666666 0.1 0.09333333333333334
0 0.6125 0.5858333333333333 0.1 0.09833333333333333
0 0.5008333333333334 0.04666666666666667 0.105 0.09333333333333334
0 0.44083333333333335 0.525 0.18166666666666667 0.16166666666666665
0 0.265 0.6391666666666667 0.16333333333333333 0.14333333333333334
0 0.20416666666666666 0.19833333333333333 0.15333333333333332 0.155
0 0.3541666666666667 0.2783333333333333 0.04 0.03333333333333333
0 0.13666666666666666 0.37166666666666665 0.12333333333333334 0.12833333333333333
0 0.058333333333333334 0.5483333333333333 0.11666666666666667 0.14666666666666667
0 0.16083333333333333 0.9625 0.07166666666666667 0.07333333333333333