0 0.7908333333333334 0.0625 0.06 0.08666666666666667
0 0.8775 0.5441666666666667 0.10333333333333333 0.11333333333333333
0 0.9225 0.7508333333333334 0.07166666666666667 0.09666666666666666
0 0.765 0.58 0.06 0.07166666666666667
0 0.5891666666666666 0.3441666666666667 0.08166666666666667 0.09166666666666666
0 0.56 0.10083333333333333 0.06666666666666667 0.08166666666666667
0 0.4275 0.15 0.06 0.058333333333333334
0 0.47833333333333333 0.37666666666666665 0.06666666666666667 0.05
0 0.5216666666666666 0.6483333333333333 0.065 0.07333333333333333
0 0.6208333333333333 0.595 0.08833333333333333 0.12666666666666668
0 0.3416666666666667 0.8566666666666667 0.06166666666666667 0.075
0 0.0525 0.43916666666666665 0.10333333333333333 0.09166666666666666
0 0.22916666666666666 0.185 0.06166666666666667 0.058333333333333334
0 0.13083333333333333 0.21 0.04833333333333333 0.06
0 0.37666666666666665 0.3883333333333333 0.075 0.08833333333333333