0 0.9416666666666667 0.7275 0.11666666666666667 0.125
0 0.775 0.9041666666666667 0.12 0.07166666666666667
0 0.8366666666666667 0.39 0.11833333333333333 0.125
0 0.9233333333333333 0.52 0.085 0.11
0 0.4925 0.6058333333333333 0.17166666666666666 0.135
0 0.5691666666666667 0.8166666666666667 0.12333333333333334 0.14833333333333334
0 0.5041666666666667 0.9575 0.06666666666666667 0.07166666666666667
0 0.7916666666666666 0.0275 0.17 0.055
0 0.665 0.07 0.13666666666666666 0.11166666666666666
0 0.5166666666666667 0.1925 0.11666666666666667 0.10666666666666667
0 0.37333333333333335 0.30083333333333334 0.10833333333333334 0.11666666666666667
0 0.225 0.39916666666666667 0.14 0.15333333333333332
0 0.07 0.525 0.14 0.14666666666666667
0 0.2816666666666667 0.735 0.11333333333333333 0.09833333333333333