0 0.9008333333333334 0.8333333333333334 0.17833333333333334 0.145
0 0.7083333333333334 0.675 0.17166666666666666 0.13
0 0.97 0.43916666666666665 0.06 0.09333333333333334
0 0.7725 0.2791666666666667 0.13833333333333334 0.18166666666666667
0 0.8191666666666667 0.051666666666666666 0.11166666666666666 0.10333333333333333
0 0.5291666666666667 0.2575 0.16166666666666665 0.12833333333333333
0 0.455 0.5883333333333334 0.16666666666666666 0.13833333333333334
0 0.1475 0.43083333333333335 0.13166666666666665 0.15833333333333333
0 0.034166666666666665 0.6508333333333334 0.065 0.12333333333333334
0 0.33916666666666667 0.7766666666666666 0.13 0.125
0 0.24166666666666667 0.9408333333333333 0.11333333333333333 0.11833333333333333