0 0.7258333333333333 0.16 0.13166666666666665 0.11833333333333333
0 0.6058333333333333 0.2125 0.08833333333333333 0.08833333333333333
0 0.49 0.25333333333333335 0.09833333333333333 0.11666666666666667
0 0.37916666666666665 0.2825 0.09166666666666666 0.11333333333333333
0 0.2425 0.345 0.08666666666666667 0.10666666666666667
0 0.13583333333333333 0.3933333333333333 0.12 0.12833333333333333
0 0.20916666666666667 0.53 0.13 0.10833333333333334
0 0.25833333333333336 0.675 0.15333333333333332 0.16333333333333333
0 0.4891666666666667 0.7233333333333334 0.1 0.12
0 0.5925 0.83 0.14 0.13
0 0.7216666666666667 0.9166666666666666 0.155 0.155
0 0.8466666666666667 0.5966666666666667 0.10666666666666667 0.09666666666666666
0 0.7616666666666667 0.4525 0.09666666666666666 0.10166666666666667
0 0.705 0.33916666666666667 0.09166666666666666 0.09166666666666666