0 0.1925 0.8533333333333334 0.07166666666666667 0.05
0 0.32 0.9016666666666666 0.051666666666666666 0.051666666666666666
0 0.5008333333333334 0.9391666666666667 0.055 0.056666666666666664
0 0.605 0.035 0.08166666666666667 0.06333333333333334
0 0.9233333333333333 0.5483333333333333 0.085 0.095
0 0.9575 0.37166666666666665 0.085 0.10333333333333333
0 0.23833333333333334 0.58 0.05333333333333334 0.07833333333333334
0 0.0725 0.5283333333333333 0.09666666666666666 0.1
0 0.11083333333333334 0.3725 0.065 0.07333333333333333
0 0.18916666666666668 0.8583333333333333 0.06833333333333333 0.055
0 0.6741666666666667 0.7 0.07166666666666667 0.06333333333333334
0 0.6341666666666667 0.415 0.05 0.058333333333333334
0 0.47583333333333333 0.36583333333333334 0.09333333333333334 0.07
0 0.39916666666666667 0.6233333333333333 0.06 0.06166666666666667
0 0.5358333333333334 0.8425 0.065 0.09333333333333334
0 0.6466666666666666 0.8658333333333333 0.07 0.05
0 0.8616666666666667 0.7125 0.08 0.095