0 0.9425 0.2725 0.115 0.13833333333333334
0 0.9258333333333333 0.4766666666666667 0.14833333333333334 0.12333333333333334
0 0.8866666666666667 0.6958333333333333 0.18 0.15333333333333332
0 0.7641666666666667 0.8583333333333333 0.13666666666666666 0.17333333333333334
0 0.5466666666666666 0.8391666666666666 0.13666666666666666 0.185
0 0.37416666666666665 0.81 0.12333333333333334 0.15666666666666668
0 0.18833333333333332 0.7708333333333334 0.16833333333333333 0.16166666666666665
0 0.08583333333333333 0.5708333333333333 0.17166666666666666 0.13833333333333334
0 0.09 0.365 0.16833333333333333 0.135
0 0.12083333333333333 0.17833333333333334 0.165 0.12666666666666668
0 0.6225 0.49 0.11833333333333333 0.18
0 0.6525 0.275 0.11333333333333333 0.16333333333333333
0 0.44916666666666666 0.24166666666666667 0.14833333333333334 0.16
0 0.4116666666666667 0.45666666666666667 0.17333333333333334 0.17