0 0.4875 0.6883333333333334 0.14 0.10833333333333334
0 0.3258333333333333 0.7083333333333334 0.105 0.13333333333333333
0 0.7875 0.6575 0.10166666666666667 0.06333333333333334
0 0.8283333333333334 0.9091666666666667 0.10333333333333333 0.095
0 0.96 0.6083333333333333 0.08 0.09333333333333334
0 0.6825 0.7191666666666666 0.06666666666666667 0.051666666666666666
0 0.31166666666666665 0.21333333333333335 0.17166666666666666 0.14166666666666666
0 0.595 0.23166666666666666 0.17666666666666667 0.11
0 0.845 0.25916666666666666 0.07 0.051666666666666666
0 0.8333333333333334 0.010833333333333334 0.07333333333333333 0.021666666666666667
0 0.09166666666666666 0.19333333333333333 0.13666666666666666 0.10333333333333333
0 0.0625 0.6658333333333334 0.09666666666666666 0.11666666666666667