0 0.41583333333333333 0.22666666666666666 0.105 0.11833333333333333
0 0.5925 0.22833333333333333 0.095 0.09333333333333334
0 0.7141666666666666 0.06916666666666667 0.11166666666666666 0.07333333333333333
0 0.92 0.09416666666666666 0.11 0.07166666666666667
0 0.7883333333333333 0.32416666666666666 0.10666666666666667 0.12166666666666667
0 0.97 0.32166666666666666 0.06 0.1
0 0.8433333333333334 0.5916666666666667 0.10166666666666667 0.07
0 0.6241666666666666 0.5308333333333334 0.075 0.056666666666666664
0 0.23333333333333334 0.39166666666666666 0.11666666666666667 0.09833333333333333
0 0.10083333333333333 0.24416666666666667 0.12333333333333334 0.08166666666666667
0 0.41333333333333333 0.5233333333333333 0.09333333333333334 0.08333333333333333
0 0.08333333333333333 0.5858333333333333 0.12166666666666667 0.08833333333333333
0 0.14416666666666667 0.7666666666666667 0.09833333333333333 0.13
0 0.39666666666666667 0.8058333333333333 0.11666666666666667 0.09166666666666666
0 0.6358333333333334 0.7558333333333334 0.12 0.07
0 0.8366666666666667 0.7883333333333333 0.11 0.095
0 0.805 0.9816666666666667 0.14666666666666667 0.03666666666666667
0 0.6408333333333334 0.9808333333333333 0.08833333333333333 0.03833333333333333