0 0.19583333333333333 0.9283333333333333 0.17833333333333334 0.14333333333333334
0 0.4 0.9525 0.12 0.095
0 0.38333333333333336 0.8341666666666666 0.11333333333333333 0.14833333333333334
0 0.5933333333333334 0.76 0.14 0.17166666666666666
0 0.655 0.9116666666666666 0.13 0.14
0 0.865 0.88 0.105 0.09333333333333334
0 0.8341666666666666 0.775 0.09 0.08833333333333333
0 0.9641666666666666 0.74 0.07166666666666667 0.08666666666666667
0 0.8125 0.6633333333333333 0.12166666666666667 0.095
0 0.8208333333333333 0.4875 0.105 0.10333333333333333
0 0.765 0.37333333333333335 0.17333333333333334 0.14166666666666666
0 0.6208333333333333 0.33916666666666667 0.13833333333333334 0.14833333333333334
0 0.6616666666666666 0.5208333333333334 0.115 0.11
0 0.5383333333333333 0.5425 0.09666666666666666 0.09833333333333333
0 0.4891666666666667 0.32666666666666666 0.09666666666666666 0.115
0 0.37583333333333335 0.3516666666666667 0.135 0.145
0 0.25 0.39916666666666667 0.105 0.10666666666666667
0 0.3125 0.6425 0.09833333333333333 0.09833333333333333
0 0.155 0.6508333333333334 0.11166666666666666 0.09833333333333333
0 0.1125 0.5033333333333333 0.13833333333333334 0.12833333333333333
0 0.025 0.2658333333333333 0.05 0.085
0 0.16 0.20833333333333334 0.17 0.12666666666666668
0 0.14166666666666666 0.095 0.115 0.06
0 0.0175 0.13583333333333333 0.035 0.055
0 0.30333333333333334 0.05333333333333334 0.10666666666666667 0.06
0 0.33166666666666667 0.16333333333333333 0.11333333333333333 0.10333333333333333
0 0.5108333333333334 0.15 0.13 0.10833333333333334
0 0.6808333333333333 0.13666666666666666 0.08666666666666667 0.09333333333333334
0 0.8383333333333334 0.1525 0.12333333333333334 0.09666666666666666
0 0.8125 0.0275 0.155 0.055
0 0.6333333333333333 0.021666666666666667 0.12 0.043333333333333335
0 0.48333333333333334 0.023333333333333334 0.1 0.04666666666666667