0 0.0475 0.7783333333333333 0.095 0.10333333333333333
0 0.14583333333333334 0.34833333333333333 0.15333333333333332 0.135
0 0.25583333333333336 0.5175 0.155 0.14
0 0.3308333333333333 0.25333333333333335 0.16666666666666666 0.14166666666666666
0 0.5233333333333333 0.21833333333333332 0.12166666666666667 0.09833333333333333
0 0.7233333333333334 0.22916666666666666 0.14166666666666666 0.105
0 0.9083333333333333 0.27166666666666667 0.13666666666666666 0.11666666666666667
0 0.9716666666666667 0.5675 0.056666666666666664 0.11833333333333333
0 0.8383333333333334 0.5583333333333333 0.115 0.09333333333333334
0 0.6616666666666666 0.49916666666666665 0.11666666666666667 0.09166666666666666
0 0.4375 0.5091666666666667 0.11166666666666666 0.08666666666666667
0 0.37 0.8666666666666667 0.10333333333333333 0.06666666666666667
0 0.1925 0.8408333333333333 0.10833333333333334 0.12
0 0.7916666666666666 0.8516666666666667 0.105 0.095