0 0.7283333333333334 0.07 0.13333333333333333 0.12166666666666667
0 0.8033333333333333 0.175 0.11 0.08
0 0.6866666666666666 0.43916666666666665 0.07166666666666667 0.04833333333333333
0 0.6141666666666666 0.24083333333333334 0.09666666666666666 0.11333333333333333
0 0.2725 0.17083333333333334 0.14333333333333334 0.09166666666666666
0 0.12416666666666666 0.36083333333333334 0.11166666666666666 0.11833333333333333
0 0.25833333333333336 0.5 0.10166666666666667 0.115
0 0.41583333333333333 0.615 0.08833333333333333 0.058333333333333334
0 0.71 0.735 0.08833333333333333 0.07833333333333334
0 0.4891666666666667 0.8475 0.11666666666666667 0.075
0 0.29833333333333334 0.9075 0.095 0.09
0 0.225 0.7325 0.075 0.07333333333333333
0 0.14083333333333334 0.6108333333333333 0.065 0.05333333333333334
0 0.025833333333333333 0.8216666666666667 0.051666666666666666 0.09
0 0.4475 0.21583333333333332 0.04833333333333333 0.04666666666666667