0 0.8333333333333334 0.5325 0.07333333333333333 0.105
0 0.6216666666666667 0.4025 0.105 0.12
0 0.4816666666666667 0.24333333333333335 0.08333333333333333 0.09333333333333334
0 0.5225 0.1125 0.095 0.09166666666666666
0 0.36583333333333334 0.31666666666666665 0.095 0.10333333333333333
0 0.2275 0.4025 0.1 0.11833333333333333
0 0.29583333333333334 0.5525 0.06666666666666667 0.085
0 0.24 0.6808333333333333 0.07666666666666666 0.075
0 0.36 0.7991666666666667 0.12666666666666668 0.11
0 0.555 0.8125 0.085 0.10833333333333334
0 0.685 0.6283333333333333 0.075 0.11166666666666666
0 0.6941666666666667 0.7491666666666666 0.115 0.07833333333333334