0 0.49333333333333335 0.8025 0.05333333333333334 0.06333333333333334
0 0.1325 0.8183333333333334 0.07666666666666666 0.055
0 0.6375 0.82 0.07833333333333334 0.055
0 0.7725 0.6116666666666667 0.056666666666666664 0.04
0 0.6441666666666667 0.6316666666666667 0.06666666666666667 0.06166666666666667
0 0.6175 0.45 0.07666666666666666 0.051666666666666666
0 0.4483333333333333 0.6358333333333334 0.06666666666666667 0.08166666666666667
0 0.605 0.2875 0.056666666666666664 0.03666666666666667
0 0.4708333333333333 0.3325 0.065 0.04833333333333333
0 0.34833333333333333 0.3725 0.07166666666666667 0.04
0 0.21083333333333334 0.5291666666666667 0.08166666666666667 0.045
0 0.14083333333333334 0.44083333333333335 0.06166666666666667 0.05
0 0.09916666666666667 0.6416666666666667 0.07666666666666666 0.035
0 0.48333333333333334 0.1175 0.12666666666666668 0.055
0 0.3433333333333333 0.15166666666666667 0.058333333333333334 0.056666666666666664
0 0.96 0.06916666666666667 0.055 0.11833333333333333
0 0.14583333333333334 0.18666666666666668 0.07166666666666667 0.058333333333333334
0 0.0175 0.08416666666666667 0.035 0.08833333333333333