0 0.8616666666666667 0.87 0.12166666666666667 0.08333333333333333
0 0.6275 0.8825 0.145 0.075
0 0.385 0.9 0.17833333333333334 0.09833333333333333
0 0.09083333333333334 0.92 0.10166666666666667 0.14666666666666667
0 0.03833333333333333 0.5508333333333333 0.07666666666666666 0.07833333333333334
0 0.20583333333333334 0.5375 0.10333333333333333 0.06666666666666667
0 0.45166666666666666 0.5308333333333334 0.12333333333333334 0.085
0 0.665 0.49916666666666665 0.13666666666666666 0.11
0 0.8466666666666667 0.49666666666666665 0.10666666666666667 0.06166666666666667
0 0.85 0.08583333333333333 0.165 0.15666666666666668
0 0.6425 0.1025 0.17833333333333334 0.10333333333333333
0 0.425 0.11333333333333333 0.13 0.10166666666666667
0 0.18333333333333332 0.12833333333333333 0.155 0.09