0 0.8308333333333333 0.6791666666666667 0.11833333333333333 0.15
0 0.8166666666666667 0.9433333333333334 0.1 0.11333333333333333
0 0.55 0.8141666666666667 0.12 0.105
0 0.5475 0.5041666666666667 0.12333333333333334 0.12666666666666668
0 0.4975 0.27416666666666667 0.105 0.12
0 0.4825 0.06583333333333333 0.12833333333333333 0.13166666666666665
0 0.32166666666666666 0.7708333333333334 0.07 0.1
0 0.32666666666666666 0.5358333333333334 0.145 0.14333333333333334
0 0.23583333333333334 0.31333333333333335 0.11166666666666666 0.115
0 0.0625 0.31 0.09 0.13666666666666666
0 0.23666666666666666 0.105 0.13 0.11833333333333333