0 0.19833333333333333 0.050833333333333335 0.10666666666666667 0.08833333333333333
0 0.33 0.058333333333333334 0.08166666666666667 0.065
0 0.4691666666666667 0.09333333333333334 0.08333333333333333 0.06833333333333333
0 0.6333333333333333 0.058333333333333334 0.08 0.09666666666666666
0 0.8608333333333333 0.10916666666666666 0.11166666666666666 0.075
0 0.8341666666666666 0.22916666666666666 0.08333333333333333 0.07
0 0.8666666666666667 0.35833333333333334 0.07666666666666666 0.085
0 0.85 0.4925 0.09666666666666666 0.085
0 0.4275 0.3308333333333333 0.09333333333333334 0.13333333333333333
0 0.5891666666666666 0.33416666666666667 0.115 0.08
0 0.5016666666666667 0.5491666666666667 0.13333333333333333 0.10166666666666667
0 0.14666666666666667 0.38 0.08666666666666667 0.15833333333333333
0 0.0575 0.2658333333333333 0.08333333333333333 0.12666666666666668
0 0.024166666666666666 0.4225 0.043333333333333335 0.07833333333333334
0 0.05 0.7058333333333333 0.08833333333333333 0.06666666666666667
0 0.18666666666666668 0.7733333333333333 0.09333333333333334 0.115
0 0.3258333333333333 0.8258333333333333 0.14333333333333334 0.115
0 0.48 0.8883333333333333 0.09833333333333333 0.07
0 0.6133333333333333 0.9591666666666666 0.12333333333333334 0.08166666666666667
0 0.9 0.9908333333333333 0.1 0.018333333333333333
0 0.93 0.8341666666666666 0.08 0.07
0 0.7875 0.7625 0.08 0.09833333333333333
0 0.6216666666666667 0.6916666666666667 0.09166666666666666 0.07333333333333333