0 0.020833333333333332 0.6575 0.041666666666666664 0.13166666666666665
0 0.17 0.8225 0.22166666666666668 0.21333333333333335
0 0.6308333333333334 0.8475 0.135 0.15666666666666668
0 0.8708333333333333 0.97 0.09833333333333333 0.06
0 0.7475 0.615 0.09 0.135
0 0.8508333333333333 0.2658333333333333 0.15666666666666668 0.11333333333333333
0 0.5758333333333333 0.195 0.16 0.11833333333333333
0 0.30416666666666664 0.21916666666666668 0.13833333333333334 0.115
0 0.13333333333333333 0.035 0.11 0.07
0 0.13833333333333334 0.4575 0.13333333333333333 0.17666666666666667
0 0.06666666666666667 0.4058333333333333 0.12 0.1
0 0.3975 0.4891666666666667 0.14166666666666666 0.13166666666666665