0 0.8916666666666667 0.865 0.023333333333333334 0.06
0 0.8783333333333333 0.7075 0.03833333333333333 0.06
0 0.8875 0.6283333333333333 0.04 0.045
0 0.8791666666666667 0.5433333333333333 0.04833333333333333 0.055
0 0.8758333333333334 0.4525 0.03333333333333333 0.043333333333333335
0 0.8683333333333333 0.3675 0.043333333333333335 0.051666666666666666
0 0.8683333333333333 0.29083333333333333 0.03 0.035
0 0.8625 0.19833333333333333 0.03833333333333333 0.075
0 0.8516666666666667 0.043333333333333335 0.03666666666666667 0.03833333333333333
0 0.7641666666666667 0.8791666666666667 0.041666666666666664 0.05333333333333334
0 0.7575 0.8066666666666666 0.021666666666666667 0.03666666666666667
0 0.7508333333333334 0.735 0.02 0.041666666666666664
0 0.7558333333333334 0.655 0.02666666666666667 0.043333333333333335
0 0.7483333333333333 0.3875 0.02 0.056666666666666664
0 0.7308333333333333 0.14583333333333334 0.023333333333333334 0.06333333333333334
0 0.5725 0.32083333333333336 0.041666666666666664 0.056666666666666664
0 0.5666666666666667 0.23833333333333334 0.056666666666666664 0.06
0 0.1025 0.6325 0.04 0.03666666666666667
0 0.025 0.615 0.041666666666666664 0.041666666666666664
0 0.08083333333333333 0.3358333333333333 0.055 0.07666666666666666
0 0.08333333333333333 0.22833333333333333 0.03833333333333333 0.06666666666666667
0 0.2866666666666667 0.24166666666666667 0.08833333333333333 0.06166666666666667