0 0.8291666666666667 0.43916666666666665 0.065 0.10166666666666667
0 0.63 0.5866666666666667 0.09666666666666666 0.11333333333333333
0 0.5041666666666667 0.7575 0.07666666666666666 0.08833333333333333
0 0.5558333333333333 0.8841666666666667 0.08833333333333333 0.085
0 0.3825 0.695 0.08666666666666667 0.09666666666666666
0 0.2375 0.6208333333333333 0.09166666666666666 0.11166666666666666
0 0.2916666666666667 0.4658333333333333 0.06166666666666667 0.08
0 0.22583333333333333 0.3425 0.07333333333333333 0.06833333333333333
0 0.335 0.21416666666666667 0.12 0.10166666666666667
0 0.5275 0.18416666666666667 0.07666666666666666 0.10333333333333333
0 0.6733333333333333 0.35583333333333333 0.06666666666666667 0.10833333333333334
0 0.6716666666666666 0.23416666666666666 0.11 0.07