0 0.9566666666666667 0.505 0.08666666666666667 0.09666666666666666
0 0.7875 0.4841666666666667 0.18833333333333332 0.095
0 0.5583333333333333 0.47833333333333333 0.14 0.10833333333333334
0 0.7825 0.12333333333333334 0.17 0.12333333333333334
0 0.5216666666666666 0.09 0.125 0.085
0 0.28583333333333333 0.11583333333333333 0.07166666666666667 0.08666666666666667
0 0.3233333333333333 0.46416666666666667 0.22333333333333333 0.14833333333333334
0 0.095 0.42083333333333334 0.17666666666666667 0.16
0 0.115 0.77 0.14833333333333334 0.13333333333333333
0 0.3416666666666667 0.76 0.008333333333333333 0.008333333333333333
0 0.2775 0.8116666666666666 0.15 0.09333333333333334
0 0.4658333333333333 0.8575 0.18166666666666667 0.15166666666666667
0 0.6766666666666666 0.8525 0.18833333333333332 0.155
0 0.875 0.8433333333333334 0.14833333333333334 0.08833333333333333