0 0.7625 0.14416666666666667 0.11166666666666666 0.13
0 0.8833333333333333 0.31666666666666665 0.08666666666666667 0.09333333333333334
0 0.8766666666666667 0.8266666666666667 0.125 0.10166666666666667
0 0.9933333333333333 0.8708333333333333 0.013333333333333334 0.08166666666666667
0 0.7841666666666667 0.645 0.09 0.11
0 0.6183333333333333 0.5025 0.10833333333333334 0.14666666666666667
0 0.4775 0.33916666666666667 0.165 0.23666666666666666
0 0.3675 0.12583333333333332 0.22833333333333333 0.12
0 0.6508333333333334 0.9558333333333333 0.18833333333333332 0.08333333333333333
0 0.4425 0.74 0.13 0.1
0 0.08666666666666667 0.5241666666666667 0.135 0.13166666666666665
0 0.17 0.7816666666666666 0.18666666666666668 0.2733333333333333