0 0.051666666666666666 0.7666666666666667 0.10333333333333333 0.10666666666666667
0 0.09333333333333334 0.5441666666666667 0.11 0.16333333333333333
0 0.09333333333333334 0.31833333333333336 0.15833333333333333 0.20666666666666667
0 0.455 0.8383333333333334 0.18666666666666668 0.19666666666666666
0 0.7258333333333333 0.8983333333333333 0.14166666666666666 0.17833333333333334
0 0.7933333333333333 0.6741666666666667 0.14166666666666666 0.17166666666666666
0 0.4666666666666667 0.6341666666666667 0.12833333333333333 0.17166666666666666
0 0.48583333333333334 0.3933333333333333 0.14333333333333334 0.15833333333333333
0 0.5058333333333334 0.155 0.16833333333333333 0.175
0 0.7966666666666666 0.455 0.16333333333333333 0.175
0 0.8108333333333333 0.23333333333333334 0.15 0.19166666666666668
0 0.7991666666666667 0.09416666666666666 0.21166666666666667 0.11166666666666666