0 0.5166666666666667 0.15083333333333335 0.185 0.12666666666666668
0 0.765 0.295 0.14 0.08833333333333333
0 0.7583333333333333 0.4525 0.09333333333333334 0.14
0 0.44416666666666665 0.3225 0.14666666666666667 0.13666666666666666
0 0.38083333333333336 0.4725 0.14833333333333334 0.13
0 0.30833333333333335 0.6008333333333333 0.14 0.14
0 0.6366666666666667 0.5841666666666666 0.165 0.13
0 0.565 0.7525 0.15166666666666667 0.11833333333333333
0 0.5141666666666667 0.8733333333333333 0.145 0.10666666666666667
0 0.195 0.9008333333333334 0.125 0.12166666666666667
0 0.4525 0.9525 0.185 0.095
0 0.041666666666666664 0.8216666666666667 0.08333333333333333 0.13333333333333333