0 0.5458333333333333 0.11583333333333333 0.10166666666666667 0.16333333333333333
0 0.4608333333333333 0.20583333333333334 0.06333333333333334 0.058333333333333334
0 0.8925 0.2841666666666667 0.12166666666666667 0.14666666666666667
0 0.8733333333333333 0.38916666666666666 0.07666666666666666 0.07333333333333333
0 0.7833333333333333 0.5525 0.13666666666666666 0.12166666666666667
0 0.6741666666666667 0.6908333333333333 0.07333333333333333 0.10166666666666667
0 0.42916666666666664 0.3541666666666667 0.11666666666666667 0.10333333333333333
0 0.22333333333333333 0.27166666666666667 0.07166666666666667 0.1
0 0.2825 0.5616666666666666 0.16333333333333333 0.12
0 0.07083333333333333 0.7758333333333334 0.12666666666666668 0.09333333333333334
0 0.48083333333333333 0.8616666666666667 0.08166666666666667 0.10166666666666667