0 0.9091666666666667 0.7558333333333334 0.18166666666666667 0.235
0 0.7883333333333333 0.8583333333333333 0.17333333333333334 0.17833333333333334
0 0.5958333333333333 0.9375 0.15833333333333333 0.125
0 0.31666666666666665 0.7825 0.19833333333333333 0.20666666666666667
0 0.545 0.5608333333333333 0.19333333333333333 0.17666666666666667
0 0.8441666666666666 0.4691666666666667 0.16833333333333333 0.165
0 0.6166666666666667 0.3025 0.17333333333333334 0.15666666666666668
0 0.37583333333333335 0.105 0.12 0.13833333333333334
0 0.12916666666666668 0.125 0.12333333333333334 0.12666666666666668
0 0.10833333333333334 0.49166666666666664 0.21666666666666667 0.21
0 0.3025 0.36333333333333334 0.19666666666666666 0.17666666666666667
0 0.016666666666666666 0.225 0.03333333333333333 0.14