0 0.3675 0.8241666666666667 0.19 0.13833333333333334
0 0.6533333333333333 0.7983333333333333 0.14333333333333334 0.09833333333333333
0 0.7141666666666666 0.6525 0.10333333333333333 0.14333333333333334
0 0.37416666666666665 0.6366666666666667 0.155 0.14666666666666667
0 0.38 0.475 0.155 0.13833333333333334
0 0.36916666666666664 0.3275 0.14833333333333334 0.14833333333333334
0 0.6591666666666667 0.4816666666666667 0.17166666666666666 0.14166666666666666
0 0.6658333333333334 0.2991666666666667 0.15666666666666668 0.12833333333333333
0 0.6708333333333333 0.1675 0.15 0.11666666666666667
0 0.3925 0.035833333333333335 0.13166666666666665 0.07166666666666667
0 0.6516666666666666 0.06333333333333334 0.18833333333333332 0.12
0 0.21916666666666668 0.04083333333333333 0.095 0.08166666666666667