0 0.5158333333333334 0.31333333333333335 0.1 0.11
0 0.405 0.3175 0.07833333333333334 0.09833333333333333
0 0.11166666666666666 0.29583333333333334 0.07666666666666666 0.12166666666666667
0 0.2525 0.31 0.08333333333333333 0.11333333333333333
0 0.03666666666666667 0.6666666666666666 0.07333333333333333 0.11666666666666667
0 0.3233333333333333 0.6933333333333334 0.10166666666666667 0.16166666666666665
0 0.46416666666666667 0.6808333333333333 0.09333333333333334 0.1
0 0.5825 0.7241666666666666 0.075 0.16
0 0.42 0.815 0.07166666666666667 0.056666666666666664
0 0.9575 0.74 0.06166666666666667 0.14666666666666667
0 0.8508333333333333 0.74 0.095 0.13833333333333334
0 0.7891666666666667 0.8741666666666666 0.021666666666666667 0.04833333333333333