0 0.9858333333333333 0.14333333333333334 0.028333333333333332 0.09666666666666666
0 0.3258333333333333 0.09333333333333334 0.18166666666666667 0.18666666666666668
0 0.5141666666666667 0.10916666666666666 0.14333333333333334 0.12
0 0.6583333333333333 0.1925 0.085 0.07833333333333334
0 0.9525 0.4091666666666667 0.08333333333333333 0.09666666666666666
0 0.8341666666666666 0.4666666666666667 0.08666666666666667 0.085
0 0.6691666666666667 0.4875 0.08833333333333333 0.08666666666666667
0 0.7658333333333334 0.6133333333333333 0.11166666666666666 0.1
0 0.9158333333333334 0.7691666666666667 0.09833333333333333 0.11166666666666666
0 0.8908333333333334 0.92 0.08666666666666667 0.09166666666666666
0 0.7441666666666666 0.84 0.12166666666666667 0.12333333333333334
0 0.625 0.9641666666666666 0.11666666666666667 0.07166666666666667
0 0.4866666666666667 0.59 0.14333333333333334 0.12333333333333334
0 0.2683333333333333 0.455 0.13 0.09666666666666666
0 0.14916666666666667 0.36666666666666664 0.09666666666666666 0.075
0 0.1025 0.18333333333333332 0.08 0.07833333333333334