0 0.5175 0.7216666666666667 0.14833333333333334 0.15833333333333333
0 0.22 0.6233333333333333 0.10666666666666667 0.12
0 0.015833333333333335 0.8558333333333333 0.03166666666666667 0.11166666666666666
0 0.26916666666666667 0.4683333333333333 0.12 0.12
0 0.5383333333333333 0.57 0.10333333333333333 0.105
0 0.7925 0.5775 0.12166666666666667 0.09666666666666666
0 0.9541666666666667 0.64 0.08166666666666667 0.12166666666666667
0 0.6041666666666666 0.4216666666666667 0.13333333333333333 0.13333333333333333
0 0.31416666666666665 0.29583333333333334 0.12666666666666668 0.14666666666666667
0 0.17666666666666667 0.0375 0.08666666666666667 0.075
0 0.06666666666666667 0.04 0.09 0.08
0 0.4166666666666667 0.11083333333333334 0.15166666666666667 0.13666666666666666
0 0.6425 0.16666666666666666 0.16333333333333333 0.14666666666666667
0 0.8341666666666666 0.26916666666666667 0.155 0.125