0 0.6533333333333333 0.9725 0.13666666666666666 0.055
0 0.4691666666666667 0.9616666666666667 0.14166666666666666 0.07666666666666666
0 0.24666666666666667 0.9016666666666666 0.15833333333333333 0.12666666666666668
0 0.29833333333333334 0.5508333333333333 0.14333333333333334 0.17333333333333334
0 0.43916666666666665 0.6216666666666667 0.13666666666666666 0.13666666666666666
0 0.6308333333333334 0.6966666666666667 0.11833333333333333 0.14333333333333334
0 0.9091666666666667 0.435 0.165 0.20166666666666666
0 0.7475 0.33 0.16 0.18
0 0.5625 0.26916666666666667 0.15666666666666668 0.19
0 0.3408333333333333 0.2375 0.17666666666666667 0.185
0 0.8391666666666666 0.7816666666666666 0.13333333333333333 0.17166666666666666