0 0.09166666666666666 0.8566666666666667 0.18333333333333332 0.16
0 0.075 0.6558333333333334 0.15 0.17166666666666666
0 0.15833333333333333 0.4216666666666667 0.17833333333333334 0.16833333333333333
0 0.40166666666666667 0.5291666666666667 0.17 0.16666666666666666
0 0.39666666666666667 0.24 0.22666666666666666 0.21333333333333335
0 0.6316666666666667 0.2783333333333333 0.20833333333333334 0.19666666666666666
0 0.675 0.5366666666666666 0.17 0.20166666666666666
0 0.6566666666666666 0.9383333333333334 0.18666666666666668 0.12333333333333334
0 0.9133333333333333 0.9591666666666666 0.1 0.08166666666666667
0 0.91 0.5358333333333334 0.18 0.21166666666666667
0 0.8916666666666667 0.23416666666666666 0.21666666666666667 0.24833333333333332
0 0.735 0.7566666666666667 0.18166666666666667 0.14833333333333334