0 0.3416666666666667 0.9541666666666667 0.16333333333333333 0.09166666666666666
0 0.94 0.8333333333333334 0.12 0.16
0 0.7008333333333333 0.6775 0.20333333333333334 0.235
0 0.8808333333333334 0.4533333333333333 0.23333333333333334 0.22166666666666668
0 0.6216666666666667 0.17833333333333334 0.23333333333333334 0.22166666666666668
0 0.37833333333333335 0.385 0.20333333333333334 0.22166666666666668
0 0.18833333333333332 0.5208333333333334 0.051666666666666666 0.055
0 0.37166666666666665 0.6633333333333333 0.215 0.22333333333333333
0 0.08833333333333333 0.7583333333333333 0.115 0.18333333333333332
0 0.0325 0.42333333333333334 0.065 0.2
0 0.11166666666666666 0.17333333333333334 0.22333333333333333 0.22