0 0.17916666666666667 0.6416666666666667 0.18833333333333332 0.19666666666666666
0 0.155 0.4075 0.16666666666666666 0.14
0 0.36833333333333335 0.23083333333333333 0.16333333333333333 0.10666666666666667
0 0.47 0.445 0.145 0.12666666666666668
0 0.40166666666666667 0.6925 0.14 0.13166666666666665
0 0.6508333333333334 0.6941666666666667 0.14833333333333334 0.18
0 0.8525 0.7941666666666667 0.13833333333333334 0.12166666666666667
0 0.9725 0.5616666666666666 0.055 0.08333333333333333
0 0.9491666666666667 0.38916666666666666 0.10166666666666667 0.11833333333333333
0 0.6958333333333333 0.365 0.17333333333333334 0.11333333333333333
0 0.5991666666666666 0.16583333333333333 0.17833333333333334 0.13
0 0.945 0.16833333333333333 0.11 0.12333333333333334
0 0.1575 0.12333333333333334 0.16 0.11833333333333333
0 0.050833333333333335 0.23 0.03166666666666667 0.06833333333333333
0 0.24833333333333332 0.04083333333333333 0.13 0.08166666666666667
0 0.4033333333333333 0.0175 0.13 0.035