0 0.030833333333333334 0.4608333333333333 0.06166666666666667 0.16166666666666665
0 0.15916666666666668 0.3275 0.15166666666666667 0.145
0 0.1775 0.9841666666666666 0.15166666666666667 0.03166666666666667
0 0.235 0.5491666666666667 0.145 0.12
0 0.3566666666666667 0.7083333333333334 0.11833333333333333 0.10333333333333333
0 0.4875 0.8625 0.14333333333333334 0.14
0 0.95 0.8433333333333334 0.09333333333333334 0.07666666666666666
0 0.695 0.6425 0.14666666666666667 0.14166666666666666
0 0.5791666666666667 0.49166666666666664 0.125 0.13666666666666666
0 0.4483333333333333 0.3375 0.13333333333333333 0.12333333333333334
0 0.9125 0.43 0.12166666666666667 0.1
0 0.8666666666666667 0.0225 0.12 0.045