0 0.6058333333333333 0.03166666666666667 0.11833333333333333 0.05333333333333334
0 0.4116666666666667 0.056666666666666664 0.14666666666666667 0.11333333333333333
0 0.21833333333333332 0.0825 0.09 0.12666666666666668
0 0.9 0.15 0.165 0.11333333333333333
0 0.6875 0.23166666666666666 0.14 0.14833333333333334
0 0.465 0.24916666666666668 0.165 0.13166666666666665
0 0.23166666666666666 0.3016666666666667 0.135 0.115
0 0.0625 0.3875 0.12166666666666667 0.15833333333333333
0 0.8141666666666667 0.445 0.14833333333333334 0.15
0 0.5866666666666667 0.5233333333333333 0.1 0.095
0 0.8608333333333333 0.6558333333333334 0.11333333333333333 0.12166666666666667
0 0.8825 0.9516666666666667 0.14166666666666666 0.09666666666666666
0 0.5708333333333333 0.65 0.13833333333333334 0.09666666666666666
0 0.655 0.8033333333333333 0.13833333333333334 0.13666666666666666
0 0.19583333333333333 0.635 0.12166666666666667 0.15333333333333332
0 0.2375 0.7691666666666667 0.1 0.08666666666666667
0 0.35833333333333334 0.8941666666666667 0.11666666666666667 0.115
0 0.06166666666666667 0.9108333333333334 0.12333333333333334 0.10166666666666667