0 0.54 0.09166666666666666 0.11833333333333333 0.11166666666666666
0 0.6933333333333334 0.2 0.11333333333333333 0.09833333333333333
0 0.92 0.24083333333333334 0.115 0.12
0 0.8533333333333334 0.4266666666666667 0.1 0.08166666666666667
0 0.74 0.5375 0.13666666666666666 0.125
0 0.8891666666666667 0.595 0.10666666666666667 0.08
0 0.4266666666666667 0.25416666666666665 0.095 0.09333333333333334
0 0.1225 0.38083333333333336 0.08833333333333333 0.06666666666666667
0 0.03166666666666667 0.6883333333333334 0.04666666666666667 0.11333333333333333
0 0.5241666666666667 0.6191666666666666 0.165 0.12333333333333334
0 0.16 0.7791666666666667 0.08 0.08166666666666667
0 0.2833333333333333 0.8116666666666666 0.09166666666666666 0.085
0 0.43416666666666665 0.8825 0.105 0.09333333333333334
0 0.67 0.8041666666666667 0.11166666666666666 0.09666666666666666
0 0.8225 0.8925 0.10833333333333334 0.09833333333333333
0 0.96 0.9408333333333333 0.07333333333333333 0.05333333333333334