0 0.6933333333333334 0.9441666666666667 0.11166666666666666 0.095
0 0.5183333333333333 0.8125 0.12166666666666667 0.135
0 0.32166666666666666 0.725 0.085 0.055
0 0.2125 0.7066666666666667 0.08333333333333333 0.065
0 0.0875 0.7083333333333334 0.10333333333333333 0.07666666666666666
0 0.013333333333333334 0.7066666666666667 0.02666666666666667 0.056666666666666664
0 0.0825 0.5258333333333334 0.07666666666666666 0.07
0 0.1475 0.42583333333333334 0.17 0.15
0 0.135 0.13 0.06833333333333333 0.065
0 0.17583333333333334 0.22 0.07666666666666666 0.051666666666666666
0 0.22083333333333333 0.33416666666666667 0.06333333333333334 0.056666666666666664
0 0.29333333333333333 0.44166666666666665 0.07833333333333334 0.05
0 0.19333333333333333 0.009166666666666667 0.056666666666666664 0.018333333333333333
0 0.2891666666666667 0.0525 0.08666666666666667 0.05333333333333334
0 0.3883333333333333 0.11583333333333333 0.06666666666666667 0.05333333333333334
0 0.4975 0.06833333333333333 0.04666666666666667 0.055
0 0.3975 0.4083333333333333 0.07666666666666666 0.05333333333333334
0 0.48333333333333334 0.35333333333333333 0.06166666666666667 0.051666666666666666
0 0.5691666666666667 0.30583333333333335 0.06166666666666667 0.04833333333333333
0 0.6575 0.25333333333333335 0.09666666666666666 0.06166666666666667
0 0.7541666666666667 0.20416666666666666 0.07333333333333333 0.05
0 0.8375 0.15 0.04666666666666667 0.03666666666666667
0 0.94 0.10166666666666667 0.085 0.05333333333333334
0 0.8433333333333334 0.305 0.12833333333333333 0.12666666666666668
0 0.475 0.5466666666666666 0.08166666666666667 0.07833333333333334
0 0.5891666666666666 0.4483333333333333 0.08166666666666667 0.07166666666666667
0 0.7266666666666667 0.37833333333333335 0.065 0.06166666666666667
0 0.8016666666666666 0.4725 0.06166666666666667 0.055
0 0.6075 0.6058333333333333 0.075 0.08666666666666667
0 0.7366666666666667 0.6625 0.06833333333333333 0.09166666666666666