0 0.9616666666666667 0.7066666666666667 0.07666666666666666 0.41333333333333333
0 0.9533333333333334 0.3475 0.085 0.19333333333333333
0 0.8058333333333333 0.665 0.14333333333333334 0.2783333333333333
0 0.6541666666666667 0.9383333333333334 0.165 0.10833333333333334
0 0.6258333333333334 0.6225 0.11 0.13666666666666666
0 0.485 0.9666666666666667 0.10333333333333333 0.06666666666666667
0 0.445 0.6616666666666666 0.13 0.155
0 0.25583333333333336 0.6716666666666666 0.16666666666666666 0.14666666666666667
0 0.10083333333333333 0.7225 0.15833333333333333 0.155
0 0.009166666666666667 0.4558333333333333 0.018333333333333333 0.11833333333333333
0 0.10083333333333333 0.3975 0.11333333333333333 0.12
0 0.04583333333333333 0.29083333333333333 0.09166666666666666 0.11166666666666666
0 0.2708333333333333 0.3725 0.13333333333333333 0.12333333333333334
0 0.41583333333333333 0.3233333333333333 0.105 0.08666666666666667
0 0.605 0.33916666666666667 0.13 0.11833333333333333
0 0.7475 0.33 0.12333333333333334 0.21666666666666667
0 0.735 0.049166666666666664 0.14333333333333334 0.09833333333333333
0 0.49583333333333335 0.06 0.22833333333333333 0.12