0 0.7091666666666666 0.8358333333333333 0.14333333333333334 0.125
0 0.5583333333333333 0.7966666666666666 0.105 0.1
0 0.4275 0.7733333333333333 0.09833333333333333 0.09
0 0.31666666666666665 0.7558333333333334 0.11666666666666667 0.11166666666666666
0 0.1775 0.7633333333333333 0.15 0.16
0 0.18 0.6016666666666667 0.1 0.10333333333333333
0 0.3541666666666667 0.5941666666666666 0.10833333333333334 0.1
0 0.645 0.6066666666666667 0.12666666666666668 0.12333333333333334
0 0.7891666666666667 0.63 0.12 0.105
0 0.8216666666666667 0.4558333333333333 0.12 0.10833333333333334
0 0.6508333333333334 0.44 0.135 0.15666666666666668
0 0.8516666666666667 0.25166666666666665 0.16 0.16666666666666666
0 0.7125 0.22333333333333333 0.09833333333333333 0.09666666666666666
0 0.5791666666666667 0.2325 0.095 0.08333333333333333
0 0.46 0.1775 0.12 0.11
0 0.35333333333333333 0.22083333333333333 0.09833333333333333 0.08833333333333333
0 0.21666666666666667 0.185 0.15333333333333332 0.13833333333333334
0 0.025 0.16083333333333333 0.05 0.065
0 0.0125 0.23666666666666666 0.025 0.07
0 0.19666666666666666 0.3975 0.10166666666666667 0.125
0 0.4683333333333333 0.38333333333333336 0.07833333333333334 0.07833333333333334
0 0.4375 0.49333333333333335 0.09166666666666666 0.10833333333333334
0 0.2975 0.44583333333333336 0.03666666666666667 0.035
0 0.31833333333333336 0.39916666666666667 0.028333333333333332 0.03