0 0.13166666666666665 0.07833333333333334 0.18333333333333332 0.15666666666666668
0 0.18333333333333332 0.2783333333333333 0.11833333333333333 0.11666666666666667
0 0.32916666666666666 0.47 0.09166666666666666 0.085
0 0.4008333333333333 0.6008333333333333 0.09166666666666666 0.08833333333333333
0 0.43333333333333335 0.04666666666666667 0.09333333333333334 0.09333333333333334
0 0.5625 0.5166666666666667 0.16833333333333333 0.145
0 0.7516666666666667 0.605 0.15166666666666667 0.12666666666666668
0 0.7508333333333334 0.16 0.14 0.14166666666666666
0 0.6141666666666666 0.26 0.03833333333333333 0.028333333333333332
0 0.8425 0.3225 0.11166666666666666 0.11666666666666667
0 0.9466666666666667 0.485 0.10666666666666667 0.13666666666666666
0 0.9 0.9108333333333334 0.065 0.06666666666666667