0 0.9483333333333334 0.19083333333333333 0.10333333333333333 0.24166666666666667
0 0.785 0.125 0.115 0.10333333333333333
0 0.7466666666666667 0.24666666666666667 0.10333333333333333 0.14333333333333334
0 0.5258333333333334 0.225 0.13 0.16666666666666666
0 0.5325 0.06333333333333334 0.12166666666666667 0.12666666666666668
0 0.3283333333333333 0.0225 0.1 0.045
0 0.31333333333333335 0.10916666666666666 0.085 0.08333333333333333
0 0.17083333333333334 0.08083333333333333 0.08666666666666667 0.08166666666666667
0 0.28583333333333333 0.22 0.11666666666666667 0.08666666666666667
0 0.20333333333333334 0.37583333333333335 0.1 0.09666666666666666
0 0.20666666666666667 0.5033333333333333 0.16666666666666666 0.13
0 0.3225 0.595 0.13 0.14
0 0.3616666666666667 0.4125 0.11 0.10333333333333333
0 0.48333333333333334 0.445 0.09166666666666666 0.09333333333333334
0 0.43666666666666665 0.6616666666666666 0.09 0.11
0 0.55 0.6875 0.12666666666666668 0.13833333333333334
0 0.6841666666666667 0.6966666666666667 0.09833333333333333 0.10166666666666667
0 0.73 0.45 0.09333333333333334 0.09333333333333334
0 0.8766666666666667 0.5091666666666667 0.10666666666666667 0.09166666666666666
0 0.8525 0.6608333333333334 0.13166666666666665 0.12166666666666667
0 0.8566666666666667 0.925 0.10166666666666667 0.07833333333333334
0 0.685 0.9083333333333333 0.165 0.115
0 0.4891666666666667 0.9808333333333333 0.105 0.03833333333333333
0 0.51 0.8758333333333334 0.10833333333333334 0.09666666666666666
0 0.3425 0.8125 0.125 0.1
0 0.1825 0.7533333333333333 0.08166666666666667 0.08833333333333333
0 0.05333333333333334 0.6708333333333333 0.10666666666666667 0.08833333333333333
0 0.035 0.8383333333333334 0.07 0.14333333333333334
0 0.16333333333333333 0.905 0.115 0.09666666666666666
0 0.3075 0.9483333333333334 0.09666666666666666 0.065