0 0.32166666666666666 0.42833333333333334 0.12 0.10666666666666667
0 0.5591666666666667 0.3875 0.10833333333333334 0.08666666666666667
0 0.69 0.7108333333333333 0.09 0.08166666666666667
0 0.8483333333333334 0.665 0.17166666666666666 0.09333333333333334
0 0.7291666666666666 0.40166666666666667 0.10666666666666667 0.07666666666666666
0 0.9116666666666666 0.3075 0.15833333333333333 0.12
0 0.6641666666666667 0.13833333333333334 0.12833333333333333 0.09166666666666666
0 0.5083333333333333 0.125 0.13 0.09166666666666666
0 0.22083333333333333 0.055 0.09 0.095
0 0.2916666666666667 0.7475 0.10166666666666667 0.08666666666666667
0 0.0675 0.8 0.12 0.16