0 0.18416666666666667 0.6525 0.18333333333333332 0.19166666666666668
0 0.15166666666666667 0.4191666666666667 0.16333333333333333 0.135
0 0.3591666666666667 0.235 0.16166666666666665 0.10166666666666667
0 0.4683333333333333 0.44666666666666666 0.14166666666666666 0.12166666666666667
0 0.4083333333333333 0.695 0.13666666666666666 0.12833333333333333
0 0.6575 0.6891666666666667 0.14333333333333334 0.17666666666666667
0 0.8625 0.7816666666666666 0.13666666666666666 0.11833333333333333
0 0.975 0.5441666666666667 0.05 0.08166666666666667
0 0.9475 0.3725 0.105 0.115
0 0.6916666666666667 0.35833333333333334 0.17166666666666666 0.10833333333333334
0 0.5875 0.1625 0.175 0.125
0 0.94 0.15166666666666667 0.12 0.12
0 0.14416666666666667 0.13583333333333333 0.15666666666666668 0.11333333333333333
0 0.041666666666666664 0.24583333333333332 0.03 0.06833333333333333
0 0.23166666666666666 0.04416666666666667 0.12666666666666668 0.08833333333333333
0 0.3858333333333333 0.018333333333333333 0.12833333333333333 0.03666666666666667