0 0.8575 0.7125 0.08 0.11666666666666667
0 0.5575 0.67 0.09833333333333333 0.08833333333333333
0 0.3625 0.58 0.08166666666666667 0.07333333333333333
0 0.21833333333333332 0.62 0.06833333333333333 0.055
0 0.17333333333333334 0.35 0.07833333333333334 0.06
0 0.30666666666666664 0.3383333333333333 0.10666666666666667 0.09833333333333333
0 0.5291666666666667 0.39166666666666666 0.12166666666666667 0.15166666666666667
0 0.675 0.3575 0.10166666666666667 0.07833333333333334
0 0.8225 0.41 0.065 0.06166666666666667
0 0.7916666666666666 0.25166666666666665 0.08833333333333333 0.08833333333333333
0 0.9658333333333333 0.24 0.06833333333333333 0.09666666666666666
0 0.5516666666666666 0.043333333333333335 0.12 0.08666666666666667
0 0.3725 0.025 0.11833333333333333 0.05
0 0.21083333333333334 0.03833333333333333 0.14833333333333334 0.07666666666666666
0 0.11333333333333333 0.065 0.051666666666666666 0.065