0 0.09916666666666667 0.025 0.07833333333333334 0.05
0 0.14416666666666667 0.22416666666666665 0.11 0.11833333333333333
0 0.33666666666666667 0.06333333333333334 0.12 0.12666666666666668
0 0.585 0.09583333333333334 0.11 0.1
0 0.47833333333333333 0.3675 0.12833333333333333 0.125
0 0.8091666666666667 0.3825 0.17166666666666666 0.18833333333333332
0 0.9141666666666667 0.5341666666666667 0.14 0.10166666666666667
0 0.29833333333333334 0.5158333333333334 0.12833333333333333 0.13833333333333334
0 0.16833333333333333 0.6816666666666666 0.12166666666666667 0.12333333333333334
0 0.5233333333333333 0.6275 0.2 0.17333333333333334
0 0.5891666666666666 0.8041666666666667 0.11 0.13833333333333334
0 0.6766666666666666 0.9425 0.11666666666666667 0.115
0 0.9508333333333333 0.77 0.045 0.09833333333333333
0 0.8925 0.8933333333333333 0.06333333333333334 0.06666666666666667