0 0.9825 0.5275 0.035 0.058333333333333334
0 0.8358333333333333 0.6008333333333333 0.10333333333333333 0.085
0 0.68 0.665 0.04 0.07333333333333333
0 0.5966666666666667 0.775 0.09 0.07833333333333334
0 0.4791666666666667 0.7625 0.07666666666666666 0.09833333333333333
0 0.42 0.9658333333333333 0.09666666666666666 0.06833333333333333
0 0.09333333333333334 0.9091666666666667 0.08666666666666667 0.06833333333333333
0 0.24666666666666667 0.835 0.05 0.06166666666666667
0 0.025833333333333333 0.7116666666666667 0.04666666666666667 0.07
0 0.1275 0.6633333333333333 0.085 0.085
0 0.23916666666666667 0.4683333333333333 0.08666666666666667 0.07833333333333334
0 0.5508333333333333 0.395 0.12333333333333334 0.09
0 0.3566666666666667 0.37166666666666665 0.05333333333333334 0.09166666666666666
0 0.016666666666666666 0.38416666666666666 0.03333333333333333 0.08833333333333333
0 0.7041666666666667 0.16416666666666666 0.13833333333333334 0.10833333333333334
0 0.4066666666666667 0.06166666666666667 0.16333333333333333 0.11333333333333333