0 0.7525 0.06416666666666666 0.11666666666666667 0.095
0 0.5608333333333333 0.075 0.09 0.06833333333333333
0 0.3575 0.0875 0.09166666666666666 0.07166666666666667
0 0.6125 0.2675 0.07166666666666667 0.07166666666666667
0 0.5108333333333334 0.3875 0.115 0.11166666666666666
0 0.41583333333333333 0.52 0.058333333333333334 0.07833333333333334
0 0.31833333333333336 0.6483333333333333 0.10666666666666667 0.10666666666666667
0 0.04 0.6316666666666667 0.06166666666666667 0.05333333333333334
0 0.04583333333333333 0.805 0.03333333333333333 0.08333333333333333
0 0.06333333333333334 0.8825 0.045 0.055
0 0.2791666666666667 0.78 0.105 0.08333333333333333
0 0.8133333333333334 0.6375 0.13833333333333334 0.12
0 0.65 0.5816666666666667 0.08333333333333333 0.08166666666666667
0 0.6283333333333333 0.6941666666666667 0.08 0.08666666666666667
0 0.5641666666666667 0.6375 0.06333333333333334 0.085
0 0.5208333333333334 0.8441666666666666 0.10166666666666667 0.10166666666666667
0 0.37916666666666665 0.9575 0.10833333333333334 0.085
0 0.4741666666666667 0.9858333333333333 0.115 0.028333333333333332