0 0.12583333333333332 0.9658333333333333 0.12833333333333333 0.06833333333333333
0 0.4191666666666667 0.7908333333333334 0.13833333333333334 0.14333333333333334
0 0.5466666666666666 0.6466666666666666 0.105 0.10833333333333334
0 0.8458333333333333 0.5825 0.11666666666666667 0.105
0 0.6266666666666667 0.4741666666666667 0.10166666666666667 0.125
0 0.9383333333333334 0.38416666666666666 0.10666666666666667 0.10666666666666667
0 0.8833333333333333 0.1675 0.12 0.07666666666666666
0 0.7333333333333333 0.20583333333333334 0.058333333333333334 0.04666666666666667
0 0.45416666666666666 0.049166666666666664 0.15166666666666667 0.09833333333333333
0 0.25166666666666665 0.1125 0.12666666666666668 0.115
0 0.09416666666666666 0.30666666666666664 0.12666666666666668 0.09333333333333334