0 0.44416666666666665 0.058333333333333334 0.11166666666666666 0.11666666666666667
0 0.5075 0.2833333333333333 0.10166666666666667 0.12833333333333333
0 0.7158333333333333 0.315 0.12 0.09333333333333334
0 0.8625 0.4558333333333333 0.08166666666666667 0.11
0 0.7725 0.6091666666666666 0.11 0.08833333333333333
0 0.6025 0.6108333333333333 0.11333333333333333 0.09166666666666666
0 0.31166666666666665 0.37833333333333335 0.10666666666666667 0.18333333333333332
0 0.14666666666666667 0.4866666666666667 0.11166666666666666 0.09333333333333334
0 0.050833333333333335 0.6991666666666667 0.10166666666666667 0.145
0 0.20583333333333334 0.6483333333333333 0.05333333333333334 0.04666666666666667
0 0.24333333333333335 0.7775 0.10666666666666667 0.12
0 0.03166666666666667 0.8825 0.056666666666666664 0.08666666666666667
0 0.41583333333333333 0.7483333333333333 0.12 0.07666666666666666