0 0.7016666666666667 0.2841666666666667 0.09166666666666666 0.10833333333333334
0 0.5608333333333333 0.15583333333333332 0.08666666666666667 0.065
0 0.8183333333333334 0.5083333333333333 0.11333333333333333 0.10166666666666667
0 0.955 0.5125 0.08666666666666667 0.08
0 0.9033333333333333 0.68 0.13333333333333333 0.1
0 0.9608333333333333 0.85 0.07833333333333334 0.10666666666666667
0 0.6258333333333334 0.9258333333333333 0.10666666666666667 0.12
0 0.20416666666666666 0.9625 0.12166666666666667 0.075
0 0.5475 0.705 0.12 0.115
0 0.3775 0.49666666666666665 0.07833333333333334 0.09333333333333334
0 0.2783333333333333 0.30083333333333334 0.10333333333333333 0.10333333333333333
0 0.17166666666666666 0.085 0.095 0.115