0 0.15666666666666668 0.06916666666666667 0.13166666666666665 0.085
0 0.115 0.5141666666666667 0.14166666666666666 0.11666666666666667
0 0.2783333333333333 0.39666666666666667 0.14166666666666666 0.12333333333333334
0 0.25333333333333335 0.6691666666666667 0.15333333333333332 0.12166666666666667
0 0.42083333333333334 0.7716666666666666 0.11333333333333333 0.08333333333333333
0 0.6108333333333333 0.8325 0.13333333333333333 0.08833333333333333
0 0.7991666666666667 0.8591666666666666 0.12666666666666668 0.10166666666666667
0 0.9333333333333333 0.8841666666666667 0.065 0.08166666666666667
0 0.9708333333333333 0.6083333333333333 0.051666666666666666 0.11666666666666667
0 0.8366666666666667 0.5675 0.10666666666666667 0.08
0 0.6508333333333334 0.5591666666666667 0.10833333333333334 0.07833333333333334
0 0.445 0.4691666666666667 0.105 0.07166666666666667
0 0.51 0.11083333333333334 0.1 0.05333333333333334
0 0.335 0.07166666666666667 0.095 0.11
0 0.9283333333333333 0.08666666666666667 0.10666666666666667 0.09833333333333333
0 0.8983333333333333 0.2758333333333333 0.09666666666666666 0.08333333333333333