0 0.41833333333333333 0.02666666666666667 0.11666666666666667 0.04833333333333333
0 0.6108333333333333 0.058333333333333334 0.14166666666666666 0.11666666666666667
0 0.8025 0.0975 0.085 0.12333333333333334
0 0.11916666666666667 0.12916666666666668 0.16166666666666665 0.10666666666666667
0 0.32666666666666666 0.2225 0.13333333333333333 0.14166666666666666
0 0.5483333333333333 0.25166666666666665 0.16 0.125
0 0.7791666666666667 0.31583333333333335 0.13 0.10833333333333334
0 0.9425 0.4116666666666667 0.115 0.15333333333333332
0 0.18916666666666668 0.42916666666666664 0.14166666666666666 0.145
0 0.4116666666666667 0.5183333333333333 0.095 0.09
0 0.13166666666666665 0.6366666666666667 0.10833333333333334 0.11666666666666667
0 0.0925 0.9425 0.135 0.115
0 0.4216666666666667 0.6458333333333334 0.135 0.09
0 0.32916666666666666 0.795 0.13333333333333333 0.13166666666666665
0 0.7966666666666666 0.6508333333333334 0.115 0.14833333333333334
0 0.7483333333333333 0.7825 0.09666666666666666 0.08166666666666667
0 0.6208333333333333 0.9008333333333334 0.11166666666666666 0.11
0 0.9275 0.935 0.145 0.09333333333333334