0 0.46 0.09166666666666666 0.11833333333333333 0.11166666666666666
0 0.30666666666666664 0.2 0.11333333333333333 0.09833333333333333
0 0.08 0.24083333333333334 0.115 0.12
0 0.14666666666666667 0.4266666666666667 0.1 0.08166666666666667
0 0.26 0.5375 0.13666666666666666 0.125
0 0.11083333333333334 0.595 0.10666666666666667 0.08
0 0.5733333333333334 0.25416666666666665 0.095 0.09333333333333334
0 0.8775 0.38083333333333336 0.08833333333333333 0.06666666666666667
0 0.9683333333333334 0.6883333333333334 0.04666666666666667 0.11333333333333333
0 0.47583333333333333 0.6191666666666666 0.165 0.12333333333333334
0 0.84 0.7791666666666667 0.08 0.08166666666666667
0 0.7166666666666667 0.8116666666666666 0.09166666666666666 0.085
0 0.5658333333333333 0.8825 0.105 0.09333333333333334
0 0.33 0.8041666666666667 0.11166666666666666 0.09666666666666666
0 0.1775 0.8925 0.10833333333333334 0.09833333333333333
0 0.04 0.9408333333333333 0.07333333333333333 0.05333333333333334