0 0.8783333333333333 0.8141666666666667 0.08833333333333333 0.08333333333333333
0 0.78 0.7475 0.10666666666666667 0.08833333333333333
0 0.54 0.6408333333333334 0.14666666666666667 0.12
0 0.7591666666666667 0.43583333333333335 0.12166666666666667 0.09
0 0.8816666666666667 0.14416666666666667 0.10333333333333333 0.09333333333333334
0 0.56 0.31 0.105 0.12
0 0.23666666666666666 0.43666666666666665 0.11666666666666667 0.13833333333333334
0 0.020833333333333332 0.4066666666666667 0.041666666666666664 0.1
0 0.29583333333333334 0.145 0.11166666666666666 0.12
0 0.4266666666666667 0.029166666666666667 0.10666666666666667 0.058333333333333334
0 0.6575 0.09916666666666667 0.11 0.125