0 0.09916666666666667 0.2075 0.19833333333333333 0.22166666666666668
0 0.24416666666666667 0.11833333333333333 0.16166666666666665 0.16833333333333333
0 0.44083333333333335 0.055 0.15166666666666667 0.11
0 0.7066666666666667 0.23416666666666666 0.185 0.19333333333333333
0 0.4608333333333333 0.435 0.18166666666666667 0.165
0 0.155 0.5008333333333334 0.15666666666666668 0.15333333333333332
0 0.36666666666666664 0.6866666666666666 0.16333333333333333 0.145
0 0.5891666666666666 0.9041666666666667 0.11 0.13166666666666665
0 0.8366666666666667 0.9058333333333334 0.11666666666666667 0.11833333333333333
0 0.89 0.5416666666666666 0.205 0.195
0 0.685 0.6533333333333333 0.185 0.16333333333333333
0 0.9725 0.8175 0.055 0.135