0 0.16916666666666666 0.5866666666666667 0.12666666666666668 0.14833333333333334
0 0.16583333333333333 0.775 0.14166666666666666 0.1
0 0.3441666666666667 0.5558333333333333 0.12166666666666667 0.07666666666666666
0 0.4025 0.20416666666666666 0.09166666666666666 0.155
0 0.5416666666666666 0.2325 0.1 0.09333333333333334
0 0.7083333333333334 0.24583333333333332 0.09 0.13666666666666666
0 0.8483333333333334 0.2575 0.09 0.155
0 0.8025 0.6766666666666666 0.10333333333333333 0.16666666666666666
0 0.6241666666666666 0.64 0.09166666666666666 0.16666666666666666
0 0.5025 0.6283333333333333 0.14333333333333334 0.09666666666666666
0 0.8208333333333333 0.8775 0.09333333333333334 0.08