0 0.185 0.13166666666666665 0.10333333333333333 0.085
0 0.39166666666666666 0.20666666666666667 0.11 0.125
0 0.605 0.2325 0.08166666666666667 0.04666666666666667
0 0.7141666666666666 0.21833333333333332 0.07833333333333334 0.056666666666666664
0 0.8333333333333334 0.18083333333333335 0.09833333333333333 0.06666666666666667
0 0.9316666666666666 0.15083333333333335 0.08166666666666667 0.04833333333333333
0 0.8916666666666667 0.35333333333333333 0.07166666666666667 0.06333333333333334
0 0.8583333333333333 0.4675 0.15666666666666668 0.135
0 0.9575 0.7466666666666667 0.06166666666666667 0.058333333333333334
0 0.8925 0.6733333333333333 0.07333333333333333 0.043333333333333335
0 0.8158333333333333 0.5775 0.06 0.05
0 0.7141666666666666 0.495 0.075 0.041666666666666664
0 0.9433333333333334 0.9033333333333333 0.05 0.06333333333333334
0 0.8325 0.8666666666666667 0.08333333333333333 0.043333333333333335
0 0.7191666666666666 0.8341666666666666 0.06333333333333334 0.04666666666666667
0 0.6283333333333333 0.9125 0.041666666666666664 0.05
0 0.625 0.5575 0.07333333333333333 0.045
0 0.5583333333333333 0.635 0.056666666666666664 0.04666666666666667
0 0.49 0.7058333333333333 0.058333333333333334 0.041666666666666664
0 0.4216666666666667 0.7825 0.09333333333333334 0.051666666666666666
0 0.3433333333333333 0.8566666666666667 0.07 0.043333333333333335
0 0.2791666666666667 0.9333333333333333 0.043333333333333335 0.03166666666666667
0 0.19583333333333333 0.9941666666666666 0.08166666666666667 0.011666666666666667
0 0.22833333333333333 0.7866666666666666 0.11666666666666667 0.115
0 0.5108333333333334 0.4483333333333333 0.075 0.07
0 0.43 0.5758333333333333 0.075 0.065
0 0.31916666666666665 0.6825 0.06 0.056666666666666664
0 0.22 0.615 0.058333333333333334 0.05
0 0.36583333333333334 0.43083333333333335 0.06666666666666667 0.08
0 0.22666666666666666 0.41333333333333333 0.058333333333333334 0.08833333333333333