0 0.9508333333333333 0.8666666666666667 0.09833333333333333 0.06333333333333334
0 0.8158333333333333 0.8808333333333334 0.08166666666666667 0.04666666666666667
0 0.6608333333333334 0.8858333333333334 0.13833333333333334 0.07833333333333334
0 0.3825 0.8891666666666667 0.09166666666666666 0.09
0 0.1425 0.9166666666666666 0.11333333333333333 0.07333333333333333
0 0.13416666666666666 0.55 0.07166666666666667 0.12166666666666667
0 0.12166666666666667 0.3975 0.115 0.11
0 0.11583333333333333 0.23666666666666666 0.06 0.10333333333333333
0 0.12083333333333333 0.1125 0.095 0.08333333333333333
0 0.41583333333333333 0.18083333333333335 0.06833333333333333 0.11333333333333333
0 0.43666666666666665 0.6216666666666667 0.07333333333333333 0.08333333333333333
0 0.4425 0.4625 0.06666666666666667 0.11166666666666666
0 0.44 0.3383333333333333 0.11 0.09
0 0.64 0.62 0.09333333333333334 0.07333333333333333
0 0.7925 0.6116666666666667 0.135 0.105
0 0.9441666666666667 0.6066666666666667 0.10833333333333334 0.10166666666666667
0 0.8358333333333333 0.3883333333333333 0.11 0.08666666666666667
0 0.6441666666666667 0.4041666666666667 0.10666666666666667 0.06333333333333334
0 0.9016666666666666 0.03333333333333333 0.06666666666666667 0.06666666666666667