0 0.8491666666666666 0.9283333333333333 0.16333333333333333 0.11333333333333333
0 0.6466666666666666 0.9266666666666666 0.14 0.14666666666666667
0 0.4508333333333333 0.9041666666666667 0.12833333333333333 0.13
0 0.3 0.875 0.12833333333333333 0.10666666666666667
0 0.1475 0.8858333333333334 0.09166666666666666 0.12833333333333333
0 0.1625 0.5191666666666667 0.115 0.09166666666666666
0 0.31083333333333335 0.5333333333333333 0.13333333333333333 0.06
0 0.48583333333333334 0.5441666666666667 0.08166666666666667 0.13333333333333333
0 0.6225 0.5625 0.08833333333333333 0.11166666666666666
0 0.8033333333333333 0.5766666666666667 0.12833333333333333 0.07166666666666667
0 0.8125 0.4608333333333333 0.055 0.043333333333333335
0 0.8658333333333333 0.15083333333333335 0.10666666666666667 0.051666666666666666
0 0.6625 0.155 0.135 0.08833333333333333
0 0.5041666666666667 0.09333333333333334 0.11 0.06666666666666667
0 0.35083333333333333 0.07833333333333334 0.13166666666666665 0.08666666666666667
0 0.18166666666666667 0.05333333333333334 0.10833333333333334 0.06166666666666667
0 0.056666666666666664 0.056666666666666664 0.085 0.09833333333333333
0 0.024166666666666666 0.5091666666666667 0.04833333333333333 0.065