0 0.49416666666666664 0.13416666666666666 0.11333333333333333 0.165
0 0.24416666666666667 0.17833333333333334 0.07833333333333334 0.041666666666666664
0 0.2891666666666667 0.3725 0.11666666666666667 0.17833333333333334
0 0.5591666666666667 0.33416666666666667 0.125 0.14166666666666666
0 0.8108333333333333 0.32 0.041666666666666664 0.02666666666666667
0 0.6675 0.5241666666666667 0.1 0.14666666666666667
0 0.2925 0.6091666666666666 0.14166666666666666 0.16333333333333333
0 0.39666666666666667 0.79 0.11 0.19
0 0.49416666666666664 0.9608333333333333 0.095 0.07833333333333334
0 0.7416666666666667 0.9058333333333334 0.12 0.15833333333333333
0 0.6991666666666667 0.7216666666666667 0.15333333333333332 0.155