0 0.030833333333333334 0.36583333333333334 0.06166666666666667 0.06166666666666667
0 0.09916666666666667 0.77 0.045 0.11
0 0.23833333333333334 0.5266666666666666 0.06666666666666667 0.06166666666666667
0 0.2525 0.6208333333333333 0.06166666666666667 0.075
0 0.20083333333333334 0.43833333333333335 0.065 0.08166666666666667
0 0.16416666666666666 0.26 0.058333333333333334 0.07
0 0.14416666666666667 0.08583333333333333 0.06666666666666667 0.06
0 0.2375 0.0675 0.07666666666666666 0.06333333333333334
0 0.4533333333333333 0.07083333333333333 0.085 0.11333333333333333
0 0.5308333333333334 0.32916666666666666 0.06833333333333333 0.06833333333333333
0 0.7308333333333333 0.4691666666666667 0.056666666666666664 0.06
0 0.7158333333333333 0.38 0.04833333333333333 0.056666666666666664
0 0.6875 0.2916666666666667 0.07333333333333333 0.07666666666666666
0 0.8225 0.015833333333333335 0.06833333333333333 0.03166666666666667
0 0.8875 0.38916666666666666 0.04666666666666667 0.07166666666666667
0 0.9358333333333333 0.6091666666666666 0.075 0.08166666666666667
0 0.46416666666666667 0.7058333333333333 0.06 0.04833333333333333
0 0.39166666666666666 0.7258333333333333 0.05333333333333334 0.035
0 0.23416666666666666 0.8883333333333333 0.065 0.05
0 0.5133333333333333 0.855 0.051666666666666666 0.055
0 0.6075 0.8308333333333333 0.05333333333333334 0.035