0 0.7783333333333333 0.31666666666666665 0.14333333333333334 0.17333333333333334
0 0.7175 0.485 0.14333333333333334 0.14166666666666666
0 0.5808333333333333 0.29083333333333333 0.06833333333333333 0.07666666666666666
0 0.49416666666666664 0.44416666666666665 0.08333333333333333 0.07166666666666667
0 0.2841666666666667 0.11083333333333334 0.17166666666666666 0.14833333333333334
0 0.1775 0.22833333333333333 0.11333333333333333 0.16333333333333333
0 0.37 0.38333333333333336 0.09 0.07166666666666667
0 0.105 0.4241666666666667 0.135 0.12833333333333333
0 0.2625 0.5483333333333333 0.095 0.095
0 0.4691666666666667 0.5258333333333334 0.08666666666666667 0.09166666666666666
0 0.6691666666666667 0.6691666666666667 0.14 0.08833333333333333
0 0.16416666666666666 0.8141666666666667 0.11 0.10166666666666667