0 0.2708333333333333 0.245 0.16333333333333333 0.085
0 0.07083333333333333 0.2866666666666667 0.13333333333333333 0.19666666666666666
0 0.03 0.5416666666666666 0.06 0.05333333333333334
0 0.11916666666666667 0.6833333333333333 0.056666666666666664 0.04833333333333333
0 0.3541666666666667 0.7408333333333333 0.15833333333333333 0.08666666666666667
0 0.6366666666666667 0.7458333333333333 0.12666666666666668 0.08833333333333333
0 0.9216666666666666 0.7341666666666666 0.15 0.10666666666666667
0 0.9425 0.2658333333333333 0.115 0.075
0 0.775 0.2575 0.12666666666666668 0.035
0 0.9766666666666667 0.3933333333333333 0.04666666666666667 0.03666666666666667
0 0.2575 0.6366666666666667 0.07333333333333333 0.04666666666666667