0 0.8858333333333334 0.935 0.14666666666666667 0.06833333333333333
0 0.7125 0.8908333333333334 0.14166666666666666 0.105
0 0.30666666666666664 0.9116666666666666 0.13333333333333333 0.07833333333333334
0 0.1425 0.845 0.085 0.06666666666666667
0 0.26416666666666666 0.7783333333333333 0.155 0.08333333333333333
0 0.71 0.7825 0.155 0.085
0 0.86 0.7083333333333334 0.07 0.03666666666666667
0 0.7091666666666666 0.575 0.16166666666666665 0.1
0 0.6716666666666666 0.4533333333333333 0.14 0.07833333333333334
0 0.9358333333333333 0.37 0.08833333333333333 0.06
0 0.9216666666666666 0.2225 0.11 0.08333333333333333
0 0.6816666666666666 0.28583333333333333 0.16 0.07833333333333334
0 0.6916666666666667 0.15333333333333332 0.14333333333333334 0.1
0 0.8366666666666667 0.06666666666666667 0.12666666666666668 0.095
0 0.61 0.016666666666666666 0.11666666666666667 0.03333333333333333
0 0.19416666666666665 0.05333333333333334 0.18166666666666667 0.06666666666666667
0 0.25083333333333335 0.16333333333333333 0.145 0.13
0 0.09666666666666666 0.31 0.10666666666666667 0.08833333333333333
0 0.2575 0.4925 0.15166666666666667 0.09666666666666666
0 0.2791666666666667 0.6516666666666666 0.10333333333333333 0.085