0 0.10833333333333334 0.2875 0.08833333333333333 0.08333333333333333
0 0.030833333333333334 0.5983333333333334 0.056666666666666664 0.09333333333333334
0 0.24833333333333332 0.6491666666666667 0.11 0.08333333333333333
0 0.295 0.3025 0.08666666666666667 0.05
0 0.4658333333333333 0.3416666666666667 0.09 0.08833333333333333
0 0.39666666666666667 0.6625 0.075 0.06
0 0.32666666666666666 0.9575 0.10666666666666667 0.085
0 0.5491666666666667 0.6925 0.08666666666666667 0.09
0 0.6216666666666667 0.375 0.07333333333333333 0.10166666666666667
0 0.7725 0.4175 0.10666666666666667 0.09166666666666666
0 0.7141666666666666 0.735 0.125 0.09166666666666666
0 0.8491666666666666 0.785 0.1 0.10166666666666667
0 0.9441666666666667 0.4575 0.07833333333333334 0.065