0 0.8825 0.7166666666666667 0.13333333333333333 0.12666666666666668
0 0.7383333333333333 0.7216666666666667 0.11666666666666667 0.06666666666666667
0 0.5833333333333334 0.7766666666666666 0.11 0.1
0 0.38083333333333336 0.7866666666666666 0.12166666666666667 0.10666666666666667
0 0.33166666666666667 0.615 0.075 0.045
0 0.11666666666666667 0.7825 0.16166666666666665 0.165
0 0.8625 0.2841666666666667 0.13833333333333334 0.12333333333333334
0 0.6866666666666666 0.2825 0.12166666666666667 0.095
0 0.5383333333333333 0.31333333333333335 0.13166666666666665 0.075
0 0.3333333333333333 0.33 0.14666666666666667 0.1
0 0.11083333333333334 0.3591666666666667 0.14666666666666667 0.11333333333333333