0 0.6825 0.7325 0.13333333333333333 0.14333333333333334
0 0.5275 0.9175 0.08666666666666667 0.12333333333333334
0 0.36333333333333334 0.945 0.12666666666666668 0.11
0 0.23333333333333334 0.9608333333333333 0.14 0.07833333333333334
0 0.165 0.5333333333333333 0.125 0.08666666666666667
0 0.17083333333333334 0.715 0.10333333333333333 0.09833333333333333
0 0.30583333333333335 0.5008333333333334 0.09666666666666666 0.08333333333333333
0 0.4725 0.4766666666666667 0.08333333333333333 0.13666666666666666
0 0.615 0.4558333333333333 0.14666666666666667 0.09666666666666666
0 0.785 0.42333333333333334 0.10333333333333333 0.095
0 0.935 0.37 0.11333333333333333 0.11833333333333333
0 0.8508333333333333 0.09583333333333334 0.12333333333333334 0.11666666666666667
0 0.635 0.13166666666666665 0.11833333333333333 0.115
0 0.43166666666666664 0.13666666666666666 0.12 0.12
0 0.27166666666666667 0.1725 0.12166666666666667 0.10833333333333334
0 0.1025 0.18 0.12166666666666667 0.09166666666666666