0 0.7233333333333334 0.29333333333333333 0.16 0.10666666666666667
0 0.2941666666666667 0.23916666666666667 0.215 0.12
0 0.21 0.36333333333333334 0.14333333333333334 0.11833333333333333
0 0.20333333333333334 0.47 0.14166666666666666 0.12166666666666667
0 0.18083333333333335 0.5925 0.14833333333333334 0.125
0 0.15916666666666668 0.7241666666666666 0.12 0.11833333333333333
0 0.1925 0.8258333333333333 0.17333333333333334 0.09666666666666666
0 0.335 0.7125 0.09666666666666666 0.09
0 0.3858333333333333 0.5933333333333334 0.075 0.07833333333333334
0 0.6941666666666667 0.6441666666666667 0.13166666666666665 0.125
0 0.57 0.6066666666666667 0.10833333333333334 0.07
0 0.7358333333333333 0.415 0.10666666666666667 0.075
0 0.6858333333333333 0.75 0.10833333333333334 0.08333333333333333
0 0.5608333333333333 0.7333333333333333 0.07833333333333334 0.07666666666666666
0 0.6583333333333333 0.8733333333333333 0.14666666666666667 0.10333333333333333