0 0.7883333333333333 0.025833333333333333 0.08666666666666667 0.051666666666666666
0 0.9091666666666667 0.13583333333333333 0.07333333333333333 0.08833333333333333
0 0.8475 0.5266666666666666 0.08833333333333333 0.09166666666666666
0 0.7416666666666667 0.385 0.14666666666666667 0.14166666666666666
0 0.6291666666666667 0.22583333333333333 0.09166666666666666 0.09333333333333334
0 0.4841666666666667 0.0975 0.12833333333333333 0.13666666666666666
0 0.5525 0.3825 0.17833333333333334 0.125
0 0.03916666666666667 0.175 0.07833333333333334 0.14333333333333334
0 0.31166666666666665 0.45916666666666667 0.11666666666666667 0.09666666666666666
0 0.215 0.2675 0.11666666666666667 0.10333333333333333
0 0.03166666666666667 0.44166666666666665 0.06333333333333334 0.06666666666666667
0 0.1125 0.6008333333333333 0.10833333333333334 0.09166666666666666
0 0.24666666666666667 0.7283333333333334 0.1 0.11666666666666667
0 0.11083333333333334 0.9783333333333334 0.06833333333333333 0.043333333333333335
0 0.4683333333333333 0.92 0.15166666666666667 0.15
0 0.33416666666666667 0.8125 0.07166666666666667 0.06166666666666667
0 0.5266666666666666 0.6525 0.09 0.08666666666666667