0 0.4766666666666667 0.6858333333333333 0.10666666666666667 0.11666666666666667
0 0.36833333333333335 0.6591666666666667 0.085 0.10333333333333333
0 0.0775 0.6191666666666666 0.08333333333333333 0.125
0 0.21833333333333332 0.635 0.09166666666666666 0.11833333333333333
0 0.07583333333333334 0.23833333333333334 0.09333333333333334 0.12166666666666667
0 0.3675 0.27416666666666667 0.11166666666666666 0.16666666666666666
0 0.5025 0.31583333333333335 0.1 0.105
0 0.6275 0.2975 0.085 0.16333333333333333
0 0.4875 0.175 0.075 0.06
0 0.9808333333333333 0.36 0.03833333333333333 0.15
0 0.8933333333333333 0.3383333333333333 0.10333333333333333 0.14333333333333334
0 0.8608333333333333 0.19416666666666665 0.025 0.05