0 0.25083333333333335 0.17666666666666667 0.13666666666666666 0.125
0 0.37416666666666665 0.22083333333333333 0.09333333333333334 0.09333333333333334
0 0.49333333333333335 0.25333333333333335 0.105 0.12166666666666667
0 0.6058333333333333 0.275 0.09833333333333333 0.11833333333333333
0 0.7458333333333333 0.3275 0.09333333333333334 0.11166666666666666
0 0.8558333333333333 0.36833333333333335 0.12666666666666668 0.135
0 0.7916666666666666 0.5091666666666667 0.135 0.115
0 0.7533333333333333 0.6583333333333333 0.16333333333333333 0.17166666666666666
0 0.5258333333333334 0.7225 0.10666666666666667 0.125
0 0.43083333333333335 0.8358333333333333 0.14666666666666667 0.13666666666666666
0 0.30833333333333335 0.9241666666666667 0.16333333333333333 0.15166666666666667
0 0.16166666666666665 0.6208333333333333 0.11166666666666666 0.10333333333333333
0 0.235 0.4716666666666667 0.10166666666666667 0.10666666666666667
0 0.2841666666666667 0.35333333333333333 0.09666666666666666 0.09666666666666666