0 0.835 0.9125 0.105 0.07833333333333334
0 0.6908333333333333 0.8341666666666666 0.10166666666666667 0.04
0 0.5091666666666667 0.8191666666666667 0.06666666666666667 0.04
0 0.34 0.8208333333333333 0.12833333333333333 0.05
0 0.15666666666666668 0.48833333333333334 0.10333333333333333 0.07333333333333333
0 0.35583333333333333 0.4425 0.09833333333333333 0.06
0 0.8925 0.5008333333333334 0.1 0.056666666666666664
0 0.71 0.20666666666666667 0.09833333333333333 0.07666666666666666
0 0.5175 0.21833333333333332 0.08666666666666667 0.075
0 0.34833333333333333 0.2125 0.10333333333333333 0.045
0 0.17583333333333334 0.19416666666666665 0.1 0.08166666666666667