0 0.13166666666666665 0.1025 0.175 0.14833333333333334
0 0.0825 0.2975 0.16166666666666665 0.16166666666666665
0 0.15166666666666667 0.5425 0.16833333333333333 0.15666666666666668
0 0.4058333333333333 0.4608333333333333 0.16 0.15666666666666668
0 0.37 0.7483333333333333 0.21333333333333335 0.19833333333333333
0 0.6083333333333333 0.7341666666666666 0.19666666666666666 0.185
0 0.6783333333333333 0.4816666666666667 0.15666666666666668 0.19166666666666668
0 0.7025 0.075 0.17833333333333334 0.12333333333333334
0 0.9575 0.06666666666666667 0.085 0.11333333333333333
0 0.9141666666666667 0.5066666666666667 0.17166666666666666 0.2
0 0.8791666666666667 0.8066666666666666 0.235 0.23333333333333334
0 0.7608333333333334 0.26916666666666667 0.17333333333333334 0.13666666666666666