0 0.095 0.10666666666666667 0.07666666666666666 0.055
0 0.21666666666666667 0.07166666666666667 0.09 0.07666666666666666
0 0.3466666666666667 0.0225 0.10666666666666667 0.045
0 0.29 0.19 0.11333333333333333 0.095
0 0.4533333333333333 0.15333333333333332 0.06833333333333333 0.06666666666666667
0 0.9541666666666667 0.2875 0.08166666666666667 0.08666666666666667
0 0.895 0.545 0.11166666666666666 0.14833333333333334
0 0.665 0.475 0.1 0.07
0 0.7191666666666666 0.6216666666666667 0.075 0.07166666666666667
0 0.7275 0.9616666666666667 0.145 0.07666666666666666
0 0.4666666666666667 0.3358333333333333 0.17 0.145
0 0.2875 0.5166666666666667 0.09666666666666666 0.11833333333333333
0 0.07333333333333333 0.6233333333333333 0.06833333333333333 0.058333333333333334
0 0.13666666666666666 0.7825 0.06666666666666667 0.07166666666666667
0 0.2875 0.7216666666666667 0.095 0.06333333333333334
0 0.4475 0.6108333333333333 0.08333333333333333 0.08
0 0.5 0.7158333333333333 0.10333333333333333 0.11
0 0.52 0.9741666666666666 0.12 0.051666666666666666