0 0.8333333333333334 0.9725 0.09333333333333334 0.055
0 0.6591666666666667 0.9341666666666667 0.075 0.06333333333333334
0 0.5833333333333334 0.8825 0.043333333333333335 0.043333333333333335
0 0.45916666666666667 0.8941666666666667 0.045 0.045
0 0.415 0.9608333333333333 0.07 0.07166666666666667
0 0.9108333333333334 0.7675 0.07833333333333334 0.06833333333333333
0 0.7908333333333334 0.7391666666666666 0.08666666666666667 0.06166666666666667
0 0.6933333333333334 0.72 0.058333333333333334 0.06
0 0.5775 0.7025 0.03666666666666667 0.058333333333333334
0 0.4875 0.6766666666666666 0.05 0.043333333333333335
0 0.3625 0.6716666666666666 0.07333333333333333 0.07166666666666667
0 0.2733333333333333 0.7816666666666666 0.065 0.056666666666666664
0 0.235 0.835 0.035 0.041666666666666664
0 0.1475 0.9091666666666667 0.05333333333333334 0.085
0 0.049166666666666664 0.9291666666666667 0.08833333333333333 0.08666666666666667
0 0.08 0.7258333333333333 0.06333333333333334 0.05333333333333334
0 0.17083333333333334 0.6075 0.07 0.055
0 0.060833333333333336 0.5941666666666666 0.06166666666666667 0.06833333333333333
0 0.215 0.43416666666666665 0.06833333333333333 0.065
0 0.2425 0.33916666666666667 0.055 0.058333333333333334
0 0.0875 0.0325 0.09166666666666666 0.065
0 0.04416666666666667 0.2 0.05333333333333334 0.085
0 0.26416666666666666 0.24166666666666667 0.07166666666666667 0.07333333333333333
0 0.265 0.059166666666666666 0.05 0.058333333333333334
0 0.3333333333333333 0.07583333333333334 0.043333333333333335 0.05333333333333334
0 0.43333333333333335 0.09166666666666666 0.06 0.06166666666666667
0 0.5183333333333333 0.115 0.07166666666666667 0.04833333333333333
0 0.6225 0.13583333333333333 0.041666666666666664 0.05333333333333334
0 0.9583333333333334 0.5975 0.07666666666666666 0.07666666666666666
0 0.8758333333333334 0.5858333333333333 0.058333333333333334 0.07833333333333334
0 0.79 0.5608333333333333 0.07333333333333333 0.085
0 0.7108333333333333 0.55 0.05 0.055
0 0.6258333333333334 0.5316666666666666 0.041666666666666664 0.04833333333333333
0 0.5241666666666667 0.5116666666666667 0.06333333333333334 0.07333333333333333
0 0.4041666666666667 0.475 0.07 0.06833333333333333
0 0.9116666666666666 0.37083333333333335 0.055 0.06833333333333333
0 0.8283333333333334 0.3516666666666667 0.043333333333333335 0.055
0 0.7375 0.3325 0.05 0.058333333333333334
0 0.6575 0.315 0.055 0.04666666666666667
0 0.7991666666666667 0.18333333333333332 0.056666666666666664 0.07166666666666667