0 0.12583333333333332 0.05583333333333333 0.085 0.11166666666666666
0 0.21083333333333334 0.045 0.09833333333333333 0.09
0 0.31583333333333335 0.025833333333333333 0.11166666666666666 0.051666666666666666
0 0.42 0.008333333333333333 0.09666666666666666 0.016666666666666666
0 0.6233333333333333 0.13333333333333333 0.10833333333333334 0.09833333333333333
0 0.4791666666666667 0.1975 0.10666666666666667 0.11166666666666666
0 0.03833333333333333 0.43333333333333335 0.07666666666666666 0.11666666666666667
0 0.21833333333333332 0.265 0.12666666666666668 0.11166666666666666
0 0.7525 0.3258333333333333 0.12833333333333333 0.15166666666666667
0 0.5766666666666667 0.42833333333333334 0.09166666666666666 0.11333333333333333
0 0.4091666666666667 0.5033333333333333 0.12833333333333333 0.12833333333333333
0 0.9825 0.39 0.035 0.18666666666666668
0 0.935 0.49833333333333335 0.11333333333333333 0.09333333333333334
0 0.8225 0.6366666666666667 0.15666666666666668 0.15333333333333332
0 0.6833333333333333 0.6883333333333334 0.12 0.12166666666666667
0 0.7275 0.8583333333333333 0.19333333333333333 0.19833333333333333
0 0.5391666666666667 0.88 0.13 0.13
0 0.2275 0.6633333333333333 0.14666666666666667 0.12833333333333333