0 0.38916666666666666 0.9508333333333333 0.15166666666666667 0.09833333333333333
0 0.29083333333333333 0.8925 0.12166666666666667 0.09833333333333333
0 0.3358333333333333 0.6075 0.07833333333333334 0.06
0 0.45666666666666667 0.78 0.115 0.12833333333333333
0 0.805 0.7591666666666667 0.155 0.115
0 0.8991666666666667 0.5375 0.13166666666666665 0.135
0 0.7341666666666666 0.4375 0.12166666666666667 0.13
0 0.5516666666666666 0.36666666666666664 0.09666666666666666 0.07333333333333333
0 0.23583333333333334 0.3275 0.1 0.09166666666666666
0 0.42083333333333334 0.16083333333333333 0.12833333333333333 0.095
0 0.5891666666666666 0.055 0.10833333333333334 0.105
0 0.7058333333333333 0.20416666666666666 0.08666666666666667 0.085
0 0.8183333333333334 0.3 0.07333333333333333 0.065
0 0.8766666666666667 0.06583333333333333 0.07333333333333333 0.09833333333333333
0 0.6241666666666666 0.7608333333333334 0.055 0.05333333333333334