0 0.9016666666666666 0.9575 0.07333333333333333 0.085
0 0.7866666666666666 0.9666666666666667 0.11 0.06666666666666667
0 0.555 0.915 0.135 0.11666666666666667
0 0.5333333333333333 0.6775 0.13166666666666665 0.115
0 0.6075 0.5308333333333334 0.12 0.12166666666666667
0 0.8758333333333334 0.7866666666666666 0.14166666666666666 0.15333333333333332
0 0.8608333333333333 0.6225 0.12666666666666668 0.11666666666666667
0 0.8641666666666666 0.45666666666666667 0.115 0.15
0 0.5983333333333334 0.3775 0.12 0.10166666666666667
0 0.9116666666666666 0.28 0.105 0.12333333333333334
0 0.7325 0.13666666666666666 0.15166666666666667 0.20833333333333334
0 0.3975 0.02666666666666667 0.13166666666666665 0.05333333333333334
0 0.3616666666666667 0.17333333333333334 0.14666666666666667 0.15333333333333332
0 0.21416666666666667 0.38416666666666666 0.14666666666666667 0.13
0 0.11416666666666667 0.11 0.11 0.10166666666666667
0 0.195 0.03916666666666667 0.12666666666666668 0.07833333333333334
0 0.045 0.3375 0.07 0.135