0 0.5741666666666667 0.9483333333333334 0.15833333333333333 0.10333333333333333
0 0.9283333333333333 0.6133333333333333 0.14333333333333334 0.13666666666666666
0 0.7808333333333334 0.3416666666666667 0.18 0.12166666666666667
0 0.5933333333333334 0.6116666666666667 0.13666666666666666 0.125
0 0.46 0.815 0.16666666666666666 0.155
0 0.15416666666666667 0.9325 0.15166666666666667 0.135
0 0.09583333333333334 0.8116666666666666 0.12666666666666668 0.12166666666666667
0 0.0525 0.69 0.07833333333333334 0.13666666666666666
0 0.31833333333333336 0.68 0.115 0.14833333333333334
0 0.2658333333333333 0.54 0.15166666666666667 0.13666666666666666
0 0.16583333333333333 0.37666666666666665 0.16333333333333333 0.15833333333333333
0 0.42083333333333334 0.22083333333333333 0.17666666666666667 0.16166666666666665
0 0.5583333333333333 0.10416666666666667 0.14666666666666667 0.13166666666666665
0 0.9283333333333333 0.0425 0.03 0.05