0 0.9325 0.45416666666666666 0.08333333333333333 0.13
0 0.6083333333333333 0.6941666666666667 0.14333333333333334 0.12833333333333333
0 0.48 0.7991666666666667 0.15 0.1
0 0.2708333333333333 0.5775 0.07666666666666666 0.145
0 0.21666666666666667 0.39666666666666667 0.15833333333333333 0.165
0 0.4675 0.45416666666666666 0.14 0.09166666666666666
0 0.6566666666666666 0.29333333333333333 0.16 0.14166666666666666
0 0.5058333333333334 0.12166666666666667 0.13666666666666666 0.10833333333333334
0 0.3591666666666667 0.10916666666666666 0.125 0.09333333333333334
0 0.13916666666666666 0.14333333333333334 0.09 0.10166666666666667
0 0.16416666666666666 0.0525 0.10166666666666667 0.05