0 0.5525 0.9183333333333333 0.22666666666666666 0.12833333333333333
0 0.3975 0.6775 0.12 0.12
0 0.7758333333333334 0.5175 0.11666666666666667 0.09166666666666666
0 0.8425 0.66 0.1 0.14666666666666667
0 0.7416666666666667 0.37 0.06666666666666667 0.105
0 0.35333333333333333 0.5625 0.10666666666666667 0.09
0 0.285 0.3975 0.12166666666666667 0.09
0 0.23583333333333334 0.2608333333333333 0.12 0.115
0 0.18833333333333332 0.10666666666666667 0.16333333333333333 0.12833333333333333
0 0.10583333333333333 0.03666666666666667 0.15833333333333333 0.07333333333333333
0 0.6625 0.24166666666666667 0.10166666666666667 0.08333333333333333
0 0.5583333333333333 0.3333333333333333 0.056666666666666664 0.05
0 0.43666666666666665 0.06416666666666666 0.07 0.08
0 0.47333333333333333 0.4533333333333333 0.07666666666666666 0.07
0 0.06416666666666666 0.9391666666666667 0.12833333333333333 0.085
0 0.03666666666666667 0.8116666666666666 0.07333333333333333 0.07666666666666666