0 0.0775 0.19583333333333333 0.155 0.16166666666666665
0 0.4575 0.3075 0.10333333333333333 0.085
0 0.5666666666666667 0.29333333333333333 0.04666666666666667 0.04
0 0.7316666666666667 0.16416666666666666 0.10666666666666667 0.08166666666666667
0 0.9208333333333333 0.10416666666666667 0.06 0.04666666666666667
0 0.8941666666666667 0.49 0.11 0.06833333333333333
0 0.655 0.5025 0.07166666666666667 0.08666666666666667
0 0.485 0.595 0.065 0.07166666666666667
0 0.4125 0.5408333333333334 0.043333333333333335 0.06666666666666667
0 0.29333333333333333 0.5991666666666666 0.14166666666666666 0.08
0 0.09 0.685 0.13 0.09666666666666666