0 0.41 0.7533333333333333 0.33 0.225
0 0.7766666666666666 0.6308333333333334 0.25166666666666665 0.245
0 0.7725 0.3575 0.16833333333333333 0.12666666666666668
0 0.5208333333333334 0.5033333333333333 0.2866666666666667 0.20666666666666667
0 0.22083333333333333 0.5741666666666667 0.14833333333333334 0.15666666666666668
0 0.6758333333333333 0.19333333333333333 0.18166666666666667 0.12166666666666667
0 0.5575 0.05333333333333334 0.275 0.10666666666666667
0 0.415 0.3425 0.155 0.17
0 0.1075 0.38166666666666665 0.215 0.26
0 0.24333333333333335 0.07916666666666666 0.175 0.11333333333333333
0 0.0375 0.14833333333333334 0.075 0.16666666666666666