0 0.6408333333333334 0.9191666666666667 0.23166666666666666 0.16166666666666665
0 0.28833333333333333 0.9341666666666667 0.08 0.07833333333333334
0 0.3491666666666667 0.885 0.058333333333333334 0.07333333333333333
0 0.14 0.9241666666666667 0.13333333333333333 0.15166666666666667
0 0.22083333333333333 0.7475 0.18333333333333332 0.175
0 0.7125 0.7291666666666666 0.15 0.155
0 0.8225 0.5341666666666667 0.12833333333333333 0.135
0 0.9291666666666667 0.405 0.14166666666666666 0.18666666666666668
0 0.6283333333333333 0.03666666666666667 0.15 0.07333333333333333
0 0.5058333333333334 0.18916666666666668 0.17166666666666666 0.20833333333333334
0 0.4075 0.3525 0.14166666666666666 0.16166666666666665
0 0.31416666666666665 0.5733333333333334 0.19333333333333333 0.23