0 0.7825 0.13833333333333334 0.22833333333333333 0.11166666666666666
0 0.8733333333333333 0.79 0.065 0.07
0 0.8108333333333333 0.6608333333333334 0.13666666666666666 0.09333333333333334
0 0.6383333333333333 0.7108333333333333 0.11166666666666666 0.07833333333333334
0 0.5916666666666667 0.8833333333333333 0.065 0.06833333333333333
0 0.31333333333333335 0.8133333333333334 0.095 0.11833333333333333
0 0.2475 0.6333333333333333 0.1 0.105
0 0.41833333333333333 0.5633333333333334 0.11333333333333333 0.09
0 0.4866666666666667 0.25333333333333335 0.115 0.09166666666666666
0 0.20833333333333334 0.455 0.08833333333333333 0.06333333333333334
0 0.1475 0.2816666666666667 0.08333333333333333 0.12333333333333334
0 0.2891666666666667 0.16583333333333333 0.15833333333333333 0.10166666666666667
0 0.09916666666666667 0.10916666666666666 0.08833333333333333 0.13833333333333334