0 0.9775 0.42583333333333334 0.045 0.065
0 0.8491666666666666 0.5283333333333333 0.11833333333333333 0.10333333333333333
0 0.7108333333333333 0.6233333333333333 0.055 0.08
0 0.6516666666666666 0.7483333333333333 0.105 0.095
0 0.5341666666666667 0.7608333333333334 0.095 0.11166666666666666
0 0.5191666666666667 0.9641666666666666 0.10833333333333334 0.07166666666666667
0 0.18583333333333332 0.9716666666666667 0.09833333333333333 0.056666666666666664
0 0.3225 0.88 0.06166666666666667 0.07
0 0.08083333333333333 0.8058333333333333 0.06 0.07833333333333334
0 0.16916666666666666 0.7366666666666667 0.1 0.1
0 0.23833333333333334 0.5233333333333333 0.1 0.09333333333333334
0 0.5275 0.38666666666666666 0.13833333333333334 0.11333333333333333
0 0.3333333333333333 0.4041666666666667 0.07166666666666667 0.1
0 0.014166666666666666 0.4866666666666667 0.028333333333333332 0.09333333333333334
0 0.63 0.12916666666666668 0.15833333333333333 0.135
0 0.3175 0.09 0.18333333333333332 0.14333333333333334