0 0.7683333333333333 0.04416666666666667 0.11333333333333333 0.08833333333333333
0 0.5583333333333333 0.11666666666666667 0.13666666666666666 0.14333333333333334
0 0.3408333333333333 0.15916666666666668 0.13833333333333334 0.09
0 0.12833333333333333 0.22583333333333333 0.15 0.11666666666666667
0 0.31583333333333335 0.5191666666666667 0.15 0.10333333333333333
0 0.5283333333333333 0.47583333333333333 0.17 0.10166666666666667
0 0.705 0.4325 0.11833333333333333 0.10666666666666667
0 0.8825 0.19166666666666668 0.115 0.14166666666666666
0 0.92 0.7741666666666667 0.16 0.10166666666666667
0 0.6883333333333334 0.8316666666666667 0.11333333333333333 0.07
0 0.5116666666666667 0.9083333333333333 0.13 0.08666666666666667
0 0.3383333333333333 0.9416666666666667 0.07166666666666667 0.06166666666666667