0 0.0425 0.14416666666666667 0.085 0.08166666666666667
0 0.31 0.12583333333333332 0.06333333333333334 0.058333333333333334
0 0.36833333333333335 0.20583333333333334 0.11666666666666667 0.10333333333333333
0 0.060833333333333336 0.5383333333333333 0.06666666666666667 0.06166666666666667
0 0.08333333333333333 0.6558333333333334 0.08333333333333333 0.08166666666666667
0 0.3016666666666667 0.5166666666666667 0.115 0.08666666666666667
0 0.4766666666666667 0.3375 0.11666666666666667 0.08333333333333333
0 0.30416666666666664 0.7558333333333334 0.13666666666666666 0.08333333333333333
0 0.09083333333333334 0.985 0.051666666666666666 0.03
0 0.13916666666666666 0.9733333333333334 0.055 0.05333333333333334
0 0.6991666666666667 0.6691666666666667 0.07 0.065
0 0.6525 0.87 0.04666666666666667 0.056666666666666664
0 0.8525 0.9241666666666667 0.08333333333333333 0.07166666666666667
0 0.6925 0.42083333333333334 0.06833333333333333 0.10333333333333333
0 0.5483333333333333 0.13833333333333334 0.10666666666666667 0.11666666666666667
0 0.6875 0.024166666666666666 0.11166666666666666 0.04833333333333333