0 0.07583333333333334 0.8916666666666667 0.056666666666666664 0.043333333333333335
0 0.3225 0.9858333333333333 0.055 0.028333333333333332
0 0.275 0.9166666666666666 0.07333333333333333 0.07333333333333333
0 0.16166666666666665 0.895 0.07166666666666667 0.075
0 0.8908333333333334 0.915 0.03166666666666667 0.07166666666666667
0 0.975 0.825 0.04666666666666667 0.055
0 0.9583333333333334 0.7475 0.043333333333333335 0.04666666666666667
0 0.9525 0.33 0.06333333333333334 0.08833333333333333
0 0.8541666666666666 0.31 0.10833333333333334 0.07333333333333333
0 0.74 0.35583333333333333 0.075 0.095
0 0.8491666666666666 0.6483333333333333 0.06333333333333334 0.058333333333333334
0 0.8058333333333333 0.5491666666666667 0.043333333333333335 0.04666666666666667
0 0.7391666666666666 0.4558333333333333 0.055 0.055
0 0.6358333333333334 0.6858333333333333 0.065 0.04666666666666667
0 0.585 0.6141666666666666 0.04 0.06833333333333333
0 0.5958333333333333 0.5108333333333334 0.06166666666666667 0.058333333333333334
0 0.5825 0.42583333333333334 0.056666666666666664 0.06833333333333333
0 0.5433333333333333 0.35083333333333333 0.05 0.05
0 0.49666666666666665 0.25166666666666665 0.065 0.04833333333333333
0 0.39416666666666667 0.2633333333333333 0.07333333333333333 0.05333333333333334
0 0.30583333333333335 0.2808333333333333 0.055 0.07
0 0.22333333333333333 0.3258333333333333 0.058333333333333334 0.07833333333333334
0 0.59 0.7691666666666667 0.06 0.08166666666666667
0 0.5875 0.8616666666666667 0.06666666666666667 0.06
0 0.42 0.7783333333333333 0.06833333333333333 0.085
0 0.44416666666666665 0.6808333333333333 0.08833333333333333 0.07166666666666667
0 0.3641666666666667 0.5908333333333333 0.03666666666666667 0.05
0 0.3433333333333333 0.5033333333333333 0.04666666666666667 0.06166666666666667
0 0.21833333333333332 0.425 0.07 0.08