0 0.7708333333333334 0.93 0.20333333333333334 0.12166666666666667
0 0.22333333333333333 0.805 0.24833333333333332 0.20166666666666666
0 0.021666666666666667 0.845 0.043333333333333335 0.13333333333333333
0 0.058333333333333334 0.5566666666666666 0.11666666666666667 0.15
0 0.30916666666666665 0.57 0.22 0.17333333333333334
0 0.7516666666666667 0.62 0.205 0.2733333333333333
0 0.9116666666666666 0.26666666666666666 0.16 0.155
0 0.63 0.2725 0.19333333333333333 0.18
0 0.20583333333333334 0.060833333333333336 0.18166666666666667 0.12166666666666667
0 0.6458333333333334 0.055 0.13 0.08833333333333333
0 0.065 0.20333333333333334 0.075 0.17833333333333334
0 0.9683333333333334 0.5691666666666667 0.06333333333333334 0.15833333333333333