0 0.7975 0.6866666666666666 0.10666666666666667 0.11666666666666667
0 0.55 0.8358333333333333 0.18833333333333332 0.125
0 0.3416666666666667 0.9258333333333333 0.15 0.10333333333333333
0 0.14416666666666667 0.9491666666666667 0.14333333333333334 0.09
0 0.20166666666666666 0.5816666666666667 0.16 0.08333333333333333
0 0.38166666666666665 0.5308333333333334 0.145 0.1
0 0.6133333333333333 0.3466666666666667 0.13333333333333333 0.09166666666666666
0 0.52 0.14416666666666667 0.13833333333333334 0.1
0 0.18333333333333332 0.2825 0.145 0.12
0 0.03 0.35833333333333334 0.06 0.08333333333333333
0 0.8183333333333334 0.9633333333333334 0.17 0.056666666666666664