0 0.8208333333333333 0.018333333333333333 0.135 0.03666666666666667
0 0.55 0.2025 0.15166666666666667 0.155
0 0.43833333333333335 0.3591666666666667 0.115 0.11666666666666667
0 0.1475 0.45416666666666666 0.12666666666666668 0.115
0 0.3775 0.5391666666666667 0.11333333333333333 0.13333333333333333
0 0.07583333333333334 0.6608333333333334 0.115 0.11666666666666667
0 0.15333333333333332 0.8708333333333333 0.12666666666666668 0.08833333333333333
0 0.2991666666666667 0.8166666666666667 0.06333333333333334 0.051666666666666666
0 0.5916666666666667 0.9433333333333334 0.16 0.11333333333333333
0 0.7875 0.8591666666666666 0.13666666666666666 0.12666666666666668
0 0.9241666666666667 0.65 0.135 0.105