0 0.4575 0.9408333333333333 0.21 0.11833333333333333
0 0.8041666666666667 0.8758333333333334 0.06833333333333333 0.065
0 0.7333333333333333 0.8408333333333333 0.043333333333333335 0.065
0 0.9466666666666667 0.8341666666666666 0.10666666666666667 0.135
0 0.8283333333333334 0.6783333333333333 0.155 0.14333333333333334
0 0.3441666666666667 0.7708333333333334 0.12333333333333334 0.13
0 0.19333333333333333 0.6058333333333333 0.105 0.11333333333333333
0 0.0575 0.505 0.115 0.165
0 0.26416666666666666 0.050833333333333335 0.13 0.10166666666666667
0 0.425 0.19833333333333333 0.135 0.18333333333333332
0 0.5575 0.335 0.11333333333333333 0.14
0 0.6975 0.53 0.15166666666666667 0.20166666666666666