0 0.83 0.9691666666666666 0.11833333333333333 0.051666666666666666
0 0.6591666666666667 0.655 0.11666666666666667 0.16666666666666666
0 0.4875 0.7283333333333334 0.06166666666666667 0.11666666666666667
0 0.425 0.78 0.045 0.06833333333333333
0 0.2725 0.8075 0.11166666666666666 0.10833333333333334
0 0.205 0.43 0.15833333333333333 0.11333333333333333
0 0.5766666666666667 0.4225 0.09333333333333334 0.056666666666666664
0 0.5158333333333334 0.49666666666666665 0.06666666666666667 0.05333333333333334
0 0.5741666666666667 0.2525 0.14 0.105
0 0.8441666666666666 0.20666666666666667 0.1 0.09666666666666666
0 0.7933333333333333 0.04583333333333333 0.11333333333333333 0.09166666666666666
0 0.9375 0.3908333333333333 0.12333333333333334 0.10166666666666667