0 0.095 0.8483333333333334 0.06333333333333334 0.09666666666666666
0 0.21166666666666667 0.8058333333333333 0.11833333333333333 0.07833333333333334
0 0.03333333333333333 0.5533333333333333 0.06666666666666667 0.12
0 0.0525 0.15 0.105 0.11666666666666667
0 0.18916666666666668 0.4691666666666667 0.135 0.09166666666666666
0 0.3858333333333333 0.8408333333333333 0.12166666666666667 0.09666666666666666
0 0.475 0.6841666666666667 0.13666666666666666 0.11333333333333333
0 0.6083333333333333 0.6183333333333333 0.11 0.1
0 0.7566666666666667 0.54 0.12166666666666667 0.105
0 0.8575 0.25583333333333336 0.105 0.08333333333333333
0 0.30916666666666665 0.36916666666666664 0.12333333333333334 0.11833333333333333
0 0.4583333333333333 0.32083333333333336 0.11833333333333333 0.09833333333333333
0 0.5591666666666667 0.18416666666666667 0.115 0.1
0 0.7341666666666666 0.04833333333333333 0.12833333333333333 0.09666666666666666