0 0.615 0.21833333333333332 0.16166666666666665 0.10833333333333334
0 0.20333333333333334 0.35083333333333333 0.215 0.12333333333333334
0 0.17916666666666667 0.49833333333333335 0.145 0.12
0 0.21833333333333332 0.5983333333333334 0.14333333333333334 0.12333333333333334
0 0.24916666666666668 0.7183333333333334 0.15 0.12666666666666668
0 0.28583333333333333 0.8466666666666667 0.12166666666666667 0.12
0 0.3591666666666667 0.925 0.175 0.1
0 0.44 0.7625 0.09833333333333333 0.09166666666666666
0 0.43583333333333335 0.6325 0.075 0.07833333333333334
0 0.7375 0.5483333333333333 0.13333333333333333 0.12666666666666668
0 0.6091666666666666 0.5675 0.10833333333333334 0.07166666666666667
0 0.6775 0.3233333333333333 0.10833333333333334 0.07666666666666666
0 0.7741666666666667 0.6475 0.11 0.085
0 0.6533333333333333 0.6858333333333333 0.07833333333333334 0.07833333333333334
0 0.8016666666666666 0.7716666666666666 0.14666666666666667 0.105