0 0.8108333333333333 0.3566666666666667 0.12166666666666667 0.145
0 0.7816666666666666 0.17083333333333334 0.13833333333333334 0.09666666666666666
0 0.6441666666666667 0.4175 0.12 0.07166666666666667
0 0.6466666666666666 0.7741666666666667 0.08666666666666667 0.15333333333333332
0 0.5058333333333334 0.7708333333333334 0.09666666666666666 0.09
0 0.33916666666666667 0.7866666666666666 0.085 0.135
0 0.19916666666666666 0.7991666666666667 0.085 0.15333333333333332
0 0.17166666666666666 0.37833333333333335 0.09833333333333333 0.16333333333333333
0 0.35333333333333333 0.38333333333333336 0.085 0.165
0 0.475 0.37416666666666665 0.14 0.09166666666666666
0 0.11833333333333333 0.18416666666666667 0.09166666666666666 0.07666666666666666