0 0.5825 0.845 0.14833333333333334 0.14666666666666667
0 0.6741666666666667 0.6983333333333334 0.11333333333333333 0.135
0 0.77 0.5516666666666666 0.14833333333333334 0.16666666666666666
0 0.8791666666666667 0.41083333333333333 0.15666666666666668 0.175
0 0.9375 0.2875 0.065 0.08833333333333333
0 0.6725 0.19916666666666666 0.185 0.18
0 0.5058333333333334 0.10333333333333333 0.18166666666666667 0.15333333333333332
0 0.3175 0.1775 0.15833333333333333 0.15333333333333332
0 0.2925 0.3975 0.15833333333333333 0.16666666666666666
0 0.43416666666666665 0.5158333333333334 0.17333333333333334 0.17833333333333334
0 0.19833333333333333 0.6866666666666666 0.17833333333333334 0.17333333333333334