0 0.33166666666666667 0.5925 0.125 0.11166666666666666
0 0.5725 0.6041666666666666 0.11333333333333333 0.09166666666666666
0 0.6633333333333333 0.2683333333333333 0.09333333333333334 0.08666666666666667
0 0.825 0.29333333333333333 0.175 0.10166666666666667
0 0.74 0.57 0.11 0.08166666666666667
0 0.925 0.64 0.15 0.12666666666666668
0 0.7066666666666667 0.8391666666666666 0.13166666666666665 0.09833333333333333
0 0.5541666666666667 0.8716666666666667 0.13333333333333333 0.09833333333333333
0 0.2775 0.9616666666666667 0.095 0.07666666666666666
0 0.2625 0.28 0.10666666666666667 0.09166666666666666
0 0.049166666666666664 0.25333333333333335 0.09833333333333333 0.16666666666666666