0 0.7891666666666667 0.165 0.07 0.11
0 0.695 0.1725 0.05 0.075
0 0.5925 0.15666666666666668 0.051666666666666666 0.09
0 0.49666666666666665 0.17166666666666666 0.06333333333333334 0.04833333333333333
0 0.4033333333333333 0.1975 0.075 0.055
0 0.30666666666666664 0.1775 0.07666666666666666 0.10166666666666667
0 0.14333333333333334 0.21333333333333335 0.05333333333333334 0.08166666666666667
0 0.10666666666666667 0.7683333333333333 0.051666666666666666 0.08333333333333333
0 0.06333333333333334 0.535 0.055 0.075
0 0.17 0.5308333333333334 0.06166666666666667 0.058333333333333334
0 0.05333333333333334 0.20583333333333334 0.05333333333333334 0.075
0 0.35583333333333333 0.535 0.06166666666666667 0.058333333333333334
0 0.19333333333333333 0.7916666666666666 0.075 0.08833333333333333
0 0.6566666666666666 0.7625 0.065 0.09666666666666666
0 0.5733333333333334 0.7566666666666667 0.07666666666666666 0.04833333333333333
0 0.8491666666666666 0.7208333333333333 0.06666666666666667 0.07833333333333334
0 0.8375 0.4891666666666667 0.065 0.08666666666666667
0 0.7333333333333333 0.5 0.065 0.045
0 0.6583333333333333 0.4891666666666667 0.065 0.06166666666666667
0 0.5716666666666667 0.49833333333333335 0.04833333333333333 0.09
0 0.5016666666666667 0.5166666666666667 0.041666666666666664 0.10333333333333333
0 0.44416666666666665 0.5058333333333334 0.043333333333333335 0.10833333333333334