0 0.9366666666666666 0.0975 0.11666666666666667 0.07
0 0.65 0.10833333333333334 0.058333333333333334 0.05333333333333334
0 0.6 0.19333333333333333 0.10833333333333334 0.09333333333333334
0 0.9408333333333333 0.49166666666666664 0.06 0.056666666666666664
0 0.9308333333333333 0.6116666666666667 0.07666666666666666 0.07333333333333333
0 0.6983333333333334 0.49583333333333335 0.11 0.07666666666666666
0 0.5066666666666667 0.3358333333333333 0.11 0.07333333333333333
0 0.7216666666666667 0.7333333333333333 0.13166666666666665 0.07
0 0.96 0.9633333333333334 0.043333333333333335 0.07333333333333333
0 0.9083333333333333 0.9341666666666667 0.05 0.05
0 0.31916666666666665 0.6891666666666667 0.065 0.058333333333333334
0 0.3875 0.8841666666666667 0.041666666666666664 0.05333333333333334
0 0.19416666666666665 0.9583333333333334 0.07833333333333334 0.065
0 0.30083333333333334 0.44166666666666665 0.06 0.09833333333333333
0 0.4141666666666667 0.14583333333333334 0.09666666666666666 0.10833333333333334
0 0.2608333333333333 0.03333333333333333 0.105 0.06666666666666667