0 0.6758333333333333 0.08666666666666667 0.12666666666666668 0.13666666666666666
0 0.5525 0.2891666666666667 0.11666666666666667 0.13833333333333334
0 0.3433333333333333 0.2633333333333333 0.13 0.10666666666666667
0 0.16333333333333333 0.3575 0.095 0.11833333333333333
0 0.2075 0.53 0.12 0.1
0 0.37083333333333335 0.5783333333333334 0.12333333333333334 0.105
0 0.715 0.435 0.12833333333333333 0.19333333333333333
0 0.8433333333333334 0.5841666666666666 0.12166666666666667 0.10666666666666667
0 0.8808333333333334 0.8166666666666667 0.12666666666666668 0.15666666666666668
0 0.7416666666666667 0.7241666666666666 0.058333333333333334 0.051666666666666666
0 0.6708333333333333 0.8375 0.12166666666666667 0.13166666666666665
0 0.845 0.975 0.06666666666666667 0.05
0 0.5125 0.7616666666666667 0.12666666666666668 0.09