0 0.9858333333333333 0.7391666666666666 0.028333333333333332 0.058333333333333334
0 0.9075 0.8133333333333334 0.09166666666666666 0.08
0 0.805 0.9158333333333334 0.11 0.08
0 0.8 0.725 0.11666666666666667 0.1
0 0.6566666666666666 0.8133333333333334 0.07 0.06833333333333333
0 0.14 0.8491666666666666 0.085 0.09
0 0.11166666666666666 0.5858333333333333 0.11833333333333333 0.15333333333333332
0 0.3525 0.5775 0.10333333333333333 0.075
0 0.25333333333333335 0.45666666666666667 0.07666666666666666 0.07333333333333333
0 0.12916666666666668 0.12166666666666667 0.14833333333333334 0.115
0 0.585 0.6441666666666667 0.175 0.15166666666666667
0 0.695 0.415 0.10166666666666667 0.12166666666666667
0 0.8633333333333333 0.24416666666666667 0.07 0.06
0 0.7508333333333334 0.11416666666666667 0.07 0.07333333333333333
0 0.6283333333333333 0.22083333333333333 0.09666666666666666 0.06833333333333333
0 0.5141666666666667 0.37833333333333335 0.08666666666666667 0.08333333333333333
0 0.43 0.29583333333333334 0.10833333333333334 0.11333333333333333
0 0.32416666666666666 0.050833333333333335 0.12166666666666667 0.07166666666666667