0 0.13916666666666666 0.8766666666666667 0.125 0.12166666666666667
0 0.3525 0.8058333333333333 0.135 0.095
0 0.5966666666666667 0.8433333333333334 0.13666666666666666 0.09
0 0.8325 0.8358333333333333 0.145 0.08333333333333333
0 0.8083333333333333 0.5091666666666667 0.125 0.11
0 0.5425 0.5175 0.12666666666666668 0.085
0 0.59 0.18333333333333332 0.11 0.06833333333333333
0 0.935 0.17833333333333334 0.07666666666666666 0.11
0 0.22916666666666666 0.2841666666666667 0.11666666666666667 0.12833333333333333
0 0.005833333333333334 0.28833333333333333 0.011666666666666667 0.07666666666666666
0 0.2833333333333333 0.5175 0.115 0.10833333333333334
0 0.065 0.5558333333333333 0.12833333333333333 0.08333333333333333