0 0.10083333333333333 0.8833333333333333 0.16666666666666666 0.06666666666666667
0 0.11833333333333333 0.6483333333333333 0.07333333333333333 0.15
0 0.06 0.42916666666666664 0.115 0.18333333333333332
0 0.5441666666666667 0.8391666666666666 0.15 0.165
0 0.8216666666666667 0.8266666666666667 0.105 0.15666666666666668
0 0.8283333333333334 0.5916666666666667 0.105 0.15
0 0.5025 0.6375 0.09166666666666666 0.15333333333333332
0 0.45916666666666667 0.4 0.11166666666666666 0.13333333333333333
0 0.41583333333333333 0.165 0.135 0.145
0 0.7741666666666667 0.37916666666666665 0.13 0.145
0 0.7308333333333333 0.16166666666666665 0.11 0.16833333333333333
0 0.6841666666666667 0.03 0.20333333333333334 0.06