0 0.43 0.22333333333333333 0.10833333333333334 0.12166666666666667
0 0.6066666666666667 0.23416666666666666 0.09833333333333333 0.09666666666666666
0 0.7366666666666667 0.08083333333333333 0.11333333333333333 0.07833333333333334
0 0.9408333333333333 0.1175 0.11166666666666666 0.07666666666666666
0 0.7975 0.33916666666666667 0.11 0.125
0 0.9733333333333334 0.34833333333333333 0.05333333333333334 0.10333333333333333
0 0.8383333333333334 0.6091666666666666 0.10333333333333333 0.075
0 0.6225 0.5375 0.07666666666666666 0.06
0 0.23916666666666667 0.3775 0.12 0.10333333333333333
0 0.115 0.22333333333333333 0.12666666666666668 0.08666666666666667
0 0.4116666666666667 0.5191666666666667 0.095 0.08666666666666667
0 0.07916666666666666 0.5641666666666667 0.125 0.09333333333333334
0 0.13083333333333333 0.7475 0.10333333333333333 0.13333333333333333
0 0.38 0.8 0.12 0.09666666666666666
0 0.6216666666666667 0.7625 0.12166666666666667 0.075
0 0.8208333333333333 0.8058333333333333 0.11166666666666666 0.09833333333333333
0 0.7766666666666666 0.9875 0.15 0.025
0 0.6141666666666666 0.9833333333333333 0.09166666666666666 0.03333333333333333