0 0.055 0.2275 0.11 0.11166666666666666
0 0.21 0.20333333333333334 0.10166666666666667 0.10333333333333333
0 0.3375 0.25666666666666665 0.11666666666666667 0.10166666666666667
0 0.4708333333333333 0.3591666666666667 0.12166666666666667 0.12833333333333333
0 0.2075 0.6225 0.10833333333333334 0.095
0 0.33916666666666667 0.6883333333333334 0.12166666666666667 0.09166666666666666
0 0.47583333333333333 0.7541666666666667 0.13166666666666665 0.20166666666666666
0 0.6308333333333334 0.7841666666666667 0.12666666666666668 0.155
0 0.5966666666666667 0.3458333333333333 0.11666666666666667 0.22166666666666668
0 0.7208333333333333 0.4 0.07833333333333334 0.08333333333333333
0 0.755 0.795 0.08833333333333333 0.09833333333333333
0 0.8816666666666667 0.8716666666666667 0.09333333333333334 0.095
0 0.8691666666666666 0.435 0.11666666666666667 0.14666666666666667