0 0.515 0.18333333333333332 0.13666666666666666 0.12833333333333333
0 0.6191666666666666 0.3625 0.11333333333333333 0.13166666666666665
0 0.25083333333333335 0.255 0.115 0.10333333333333333
0 0.075 0.48083333333333333 0.095 0.13
0 0.14 0.6991666666666667 0.14166666666666666 0.13
0 0.2 0.8741666666666666 0.10166666666666667 0.10666666666666667
0 0.46 0.6491666666666667 0.12166666666666667 0.115
0 0.3575 0.45166666666666666 0.11333333333333333 0.115
0 0.7 0.5508333333333333 0.12 0.11166666666666666
0 0.85 0.44416666666666665 0.051666666666666666 0.058333333333333334
0 0.97 0.5733333333333334 0.06 0.18
0 0.7408333333333333 0.745 0.10833333333333334 0.105
0 0.5216666666666666 0.8925 0.11833333333333333 0.205
0 0.785 0.9258333333333333 0.09666666666666666 0.08833333333333333