0 0.02 0.04666666666666667 0.04 0.06
0 0.08666666666666667 0.09583333333333334 0.075 0.058333333333333334
0 0.39916666666666667 0.06166666666666667 0.08333333333333333 0.056666666666666664
0 0.74 0.11083333333333334 0.10166666666666667 0.1
0 0.8858333333333334 0.13083333333333333 0.08166666666666667 0.06833333333333333
0 0.7683333333333333 0.25 0.075 0.095
0 0.8783333333333333 0.3433333333333333 0.058333333333333334 0.06
0 0.915 0.5566666666666666 0.08166666666666667 0.09166666666666666
0 0.7358333333333333 0.5458333333333333 0.09333333333333334 0.08333333333333333
0 0.7491666666666666 0.6616666666666666 0.06166666666666667 0.07666666666666666
0 0.9458333333333333 0.7441666666666666 0.056666666666666664 0.058333333333333334
0 0.8616666666666667 0.9616666666666667 0.058333333333333334 0.043333333333333335
0 0.6608333333333334 0.9016666666666666 0.04 0.09833333333333333
0 0.6175 0.7066666666666667 0.07666666666666666 0.05
0 0.5091666666666667 0.6641666666666667 0.085 0.07333333333333333
0 0.37 0.92 0.058333333333333334 0.065
0 0.11 0.9708333333333333 0.028333333333333332 0.041666666666666664
0 0.155 0.8333333333333334 0.055 0.06166666666666667
0 0.059166666666666666 0.7325 0.06 0.07333333333333333
0 0.056666666666666664 0.5016666666666667 0.09666666666666666 0.09
0 0.43583333333333335 0.5358333333333334 0.055 0.09166666666666666
0 0.5683333333333334 0.42 0.07833333333333334 0.07333333333333333
0 0.4975 0.28583333333333333 0.05333333333333334 0.075
0 0.455 0.16666666666666666 0.043333333333333335 0.07
0 0.32666666666666666 0.3775 0.058333333333333334 0.05333333333333334
0 0.20916666666666667 0.30333333333333334 0.04666666666666667 0.056666666666666664
0 0.185 0.17333333333333334 0.045 0.041666666666666664