0 0.19333333333333333 0.041666666666666664 0.11333333333333333 0.08333333333333333
0 0.09083333333333334 0.20166666666666666 0.08333333333333333 0.075
0 0.051666666666666666 0.37916666666666665 0.08666666666666667 0.08
0 0.37083333333333335 0.08083333333333333 0.11 0.07333333333333333
0 0.5516666666666666 0.10416666666666667 0.10166666666666667 0.11
0 0.5141666666666667 0.23916666666666667 0.06666666666666667 0.056666666666666664
0 0.7958333333333333 0.235 0.12 0.085
0 0.7175 0.335 0.08666666666666667 0.09166666666666666
0 0.9758333333333333 0.26916666666666667 0.04833333333333333 0.095
0 0.9058333333333334 0.43916666666666665 0.10833333333333334 0.08166666666666667
0 0.9791666666666666 0.5883333333333334 0.03833333333333333 0.08166666666666667
0 0.84 0.6866666666666666 0.06666666666666667 0.05
0 0.7166666666666667 0.6008333333333333 0.10666666666666667 0.10333333333333333
0 0.6025 0.53 0.09166666666666666 0.05333333333333334
0 0.4475 0.4091666666666667 0.09333333333333334 0.075
0 0.3225 0.35333333333333333 0.08666666666666667 0.07333333333333333
0 0.205 0.2875 0.07666666666666666 0.09
0 0.14416666666666667 0.44416666666666665 0.08666666666666667 0.051666666666666666
0 0.2783333333333333 0.55 0.09 0.06833333333333333
0 0.375 0.6241666666666666 0.08833333333333333 0.06333333333333334
0 0.47833333333333333 0.7041666666666667 0.1 0.16166666666666665
0 0.62 0.7583333333333333 0.09666666666666666 0.09333333333333334
0 0.7216666666666667 0.815 0.105 0.08
0 0.795 0.9866666666666667 0.07333333333333333 0.02666666666666667
0 0.4508333333333333 0.9408333333333333 0.09166666666666666 0.11833333333333333
0 0.3016666666666667 0.8975 0.09333333333333334 0.08833333333333333
0 0.16666666666666666 0.8008333333333333 0.08833333333333333 0.07833333333333334
0 0.051666666666666666 0.7491666666666666 0.07166666666666667 0.06833333333333333
0 0.0625 0.5425 0.03166666666666667 0.025