0 0.76 0.19416666666666665 0.16166666666666665 0.13
0 0.9175 0.32666666666666666 0.06666666666666667 0.07
0 0.7383333333333333 0.4575 0.13 0.10833333333333334
0 0.9408333333333333 0.6866666666666666 0.10333333333333333 0.09166666666666666
0 0.6241666666666666 0.6225 0.11166666666666666 0.115
0 0.47333333333333333 0.6725 0.056666666666666664 0.07
0 0.5316666666666666 0.7975 0.10666666666666667 0.10833333333333334
0 0.43 0.9658333333333333 0.11666666666666667 0.06833333333333333
0 0.22333333333333333 0.2675 0.09833333333333333 0.09166666666666666
0 0.07916666666666666 0.4658333333333333 0.11833333333333333 0.10166666666666667
0 0.05333333333333334 0.6133333333333333 0.09833333333333333 0.12
0 0.7033333333333334 0.049166666666666664 0.08 0.09833333333333333