0 0.1225 0.3258333333333333 0.07 0.11333333333333333
0 0.425 0.3375 0.09166666666666666 0.08166666666666667
0 0.6283333333333333 0.4058333333333333 0.07666666666666666 0.06666666666666667
0 0.7675 0.35083333333333333 0.065 0.05
0 0.8408333333333333 0.615 0.075 0.05333333333333334
0 0.7091666666666666 0.64 0.10166666666666667 0.09
0 0.4816666666666667 0.6108333333333333 0.10833333333333334 0.145
0 0.3408333333333333 0.66 0.09666666666666666 0.07
0 0.18833333333333332 0.6233333333333333 0.06166666666666667 0.056666666666666664
0 0.23583333333333334 0.7775 0.08166666666666667 0.08333333333333333
0 0.059166666666666666 0.8075 0.07 0.09166666666666666
0 0.49666666666666665 0.96 0.11333333333333333 0.08
0 0.6775 0.9675 0.11166666666666666 0.065
0 0.8383333333333334 0.9475 0.14 0.105
0 0.93 0.8925 0.04666666666666667 0.06166666666666667