0 0.29333333333333333 0.185 0.07666666666666666 0.08
0 0.14416666666666667 0.16666666666666666 0.07166666666666667 0.11
0 0.49 0.11333333333333333 0.16333333333333333 0.08
0 0.74 0.18416666666666667 0.13333333333333333 0.08833333333333333
0 0.2325 0.6183333333333333 0.07833333333333334 0.075
0 0.0675 0.19916666666666666 0.03666666666666667 0.07
0 0.23166666666666666 0.76 0.08166666666666667 0.075
0 0.3641666666666667 0.775 0.11666666666666667 0.085
0 0.5433333333333333 0.3883333333333333 0.09333333333333334 0.07833333333333334
0 0.5216666666666666 0.6225 0.09333333333333334 0.08333333333333333
0 0.5183333333333333 0.765 0.08833333333333333 0.07833333333333334
0 0.6841666666666667 0.7908333333333334 0.07333333333333333 0.06666666666666667
0 0.8616666666666667 0.825 0.09166666666666666 0.075
0 0.7375 0.6033333333333334 0.075 0.085
0 0.6991666666666667 0.46 0.08 0.10166666666666667
0 0.9616666666666667 0.19 0.07666666666666666 0.07333333333333333
0 0.9125 0.295 0.06666666666666667 0.075
0 0.9075 0.4683333333333333 0.06833333333333333 0.10333333333333333
0 0.8733333333333333 0.6591666666666667 0.085 0.1