0 0.5016666666666667 0.1125 0.12 0.17333333333333334
0 0.575 0.21333333333333335 0.07 0.06666666666666667
0 0.13666666666666666 0.2375 0.13666666666666666 0.16
0 0.14333333333333334 0.3441666666666667 0.08333333333333333 0.08166666666666667
0 0.2125 0.5175 0.15 0.13666666666666666
0 0.30333333333333334 0.6675 0.08333333333333333 0.10833333333333334
0 0.5883333333333334 0.3641666666666667 0.12833333333333333 0.115
0 0.8025 0.3075 0.08333333333333333 0.10666666666666667
0 0.7083333333333334 0.5875 0.175 0.13666666666666666
0 0.8916666666666667 0.8258333333333333 0.13666666666666666 0.10666666666666667
0 0.475 0.8608333333333333 0.09333333333333334 0.11