0 0.9433333333333334 0.21583333333333332 0.11333333333333333 0.10166666666666667
0 0.905 0.44166666666666665 0.105 0.16166666666666665
0 0.9125 0.6675 0.15333333333333332 0.205
0 0.5333333333333333 0.16 0.18333333333333332 0.19333333333333333
0 0.26 0.11 0.13666666666666666 0.17666666666666667
0 0.20083333333333334 0.33666666666666667 0.13666666666666666 0.17
0 0.5283333333333333 0.365 0.12333333333333334 0.17
0 0.5175 0.6066666666666667 0.14 0.155
0 0.5058333333333334 0.845 0.165 0.17166666666666666
0 0.20583333333333334 0.5558333333333333 0.16 0.17166666666666666
0 0.19916666666666666 0.7775 0.145 0.19
0 0.215 0.9158333333333334 0.21166666666666667 0.105