0 0.3466666666666667 0.7025 0.16666666666666666 0.10833333333333334
0 0.7975 0.6808333333333333 0.20166666666666666 0.10166666666666667
0 0.8216666666666667 0.8025 0.14166666666666666 0.08666666666666667
0 0.33416666666666667 0.5458333333333333 0.2 0.10833333333333334
0 0.04666666666666667 0.6275 0.09166666666666666 0.125
0 0.09333333333333334 0.22666666666666666 0.09 0.09
0 0.28583333333333333 0.20416666666666666 0.12833333333333333 0.13
0 0.7591666666666667 0.5275 0.2 0.125
0 0.735 0.39416666666666667 0.19666666666666666 0.09666666666666666
0 0.6808333333333333 0.27666666666666667 0.09666666666666666 0.07666666666666666
0 0.6358333333333334 0.14333333333333334 0.11666666666666667 0.10166666666666667
0 0.63 0.0325 0.15833333333333333 0.065
0 0.7941666666666667 0.14166666666666666 0.06666666666666667 0.058333333333333334