0 0.9083333333333333 0.8741666666666666 0.10833333333333334 0.08666666666666667
0 0.9641666666666666 0.69 0.07166666666666667 0.07
0 0.9616666666666667 0.5091666666666667 0.07666666666666666 0.075
0 0.7266666666666667 0.8758333333333334 0.10666666666666667 0.06666666666666667
0 0.5458333333333333 0.8966666666666666 0.095 0.105
0 0.5491666666666667 0.7566666666666667 0.06333333333333334 0.05333333333333334
0 0.2775 0.8283333333333334 0.115 0.07833333333333334
0 0.32916666666666666 0.7125 0.08166666666666667 0.08666666666666667
0 0.07 0.845 0.09 0.09
0 0.12083333333333333 0.6566666666666666 0.105 0.075
0 0.014166666666666666 0.5291666666666667 0.028333333333333332 0.08166666666666667
0 0.125 0.40166666666666667 0.06333333333333334 0.04666666666666667
0 0.2658333333333333 0.455 0.10166666666666667 0.09666666666666666
0 0.3933333333333333 0.49583333333333335 0.09 0.04666666666666667
0 0.5733333333333334 0.5758333333333333 0.09 0.07
0 0.7083333333333334 0.5991666666666666 0.08333333333333333 0.06833333333333333
0 0.8375 0.635 0.07166666666666667 0.08666666666666667
0 0.8583333333333333 0.4675 0.08333333333333333 0.04666666666666667
0 0.7025 0.3975 0.08666666666666667 0.06333333333333334
0 0.5908333333333333 0.3491666666666667 0.085 0.058333333333333334
0 0.4716666666666667 0.2966666666666667 0.09 0.15833333333333333
0 0.32166666666666666 0.2783333333333333 0.09166666666666666 0.08833333333333333
0 0.20916666666666667 0.2475 0.10166666666666667 0.075
0 0.09 0.07583333333333334 0.07 0.06833333333333333
0 0.44083333333333335 0.059166666666666666 0.08333333333333333 0.11666666666666667
0 0.5966666666666667 0.06666666666666667 0.09 0.08333333333333333
0 0.75 0.1275 0.085 0.07333333333333333
0 0.8741666666666666 0.15 0.06833333333333333 0.06333333333333334
0 0.9141666666666667 0.35333333333333333 0.03 0.023333333333333334