0 0.12083333333333333 0.88 0.21666666666666667 0.17
0 0.82 0.7983333333333333 0.23 0.16333333333333333
0 0.3725 0.7416666666666667 0.25833333333333336 0.16333333333333333
0 0.49916666666666665 0.955 0.25166666666666665 0.09
0 0.6283333333333333 0.48583333333333334 0.30333333333333334 0.22
0 0.24583333333333332 0.485 0.22833333333333333 0.16833333333333333
0 0.8333333333333334 0.1775 0.22833333333333333 0.19833333333333333
0 0.445 0.22 0.24 0.16666666666666666
0 0.11666666666666667 0.20166666666666666 0.23333333333333334 0.21666666666666667
0 0.9483333333333334 0.45916666666666667 0.09 0.18666666666666668
0 0.0475 0.6491666666666667 0.09 0.15666666666666668
0 0.7033333333333334 0.028333333333333332 0.22666666666666666 0.056666666666666664
0 0.9633333333333334 0.8891666666666667 0.07333333333333333 0.19166666666666668