0 0.7908333333333334 0.24833333333333332 0.12 0.11333333333333333
0 0.7683333333333333 0.42916666666666664 0.12833333333333333 0.095
0 0.745 0.6058333333333333 0.10833333333333334 0.06666666666666667
0 0.5125 0.21416666666666667 0.10166666666666667 0.11666666666666667
0 0.5008333333333334 0.45916666666666667 0.11333333333333333 0.08333333333333333
0 0.4825 0.6291666666666667 0.11833333333333333 0.09666666666666666
0 0.12166666666666667 0.9141666666666667 0.11833333333333333 0.10333333333333333
0 0.13166666666666665 0.7391666666666666 0.13666666666666666 0.11333333333333333
0 0.1625 0.3675 0.135 0.09666666666666666
0 0.1575 0.5625 0.13666666666666666 0.09666666666666666
0 0.18333333333333332 0.20666666666666667 0.11333333333333333 0.13