0 0.35333333333333333 0.2925 0.17 0.11333333333333333
0 0.8033333333333333 0.33 0.205 0.11
0 0.8316666666666667 0.20916666666666667 0.14333333333333334 0.09166666666666666
0 0.3358333333333333 0.4483333333333333 0.20333333333333334 0.115
0 0.050833333333333335 0.3566666666666667 0.095 0.12833333333333333
0 0.08416666666666667 0.7591666666666667 0.09166666666666666 0.09333333333333334
0 0.2758333333333333 0.7875 0.13333333333333333 0.13333333333333333
0 0.76 0.4816666666666667 0.20333333333333334 0.13166666666666665
0 0.7308333333333333 0.6141666666666666 0.2 0.10333333333333333
0 0.6725 0.73 0.1 0.08
0 0.6233333333333333 0.8616666666666667 0.12 0.10666666666666667
0 0.6133333333333333 0.9683333333333334 0.16 0.06333333333333334
0 0.7816666666666666 0.8683333333333333 0.06833333333333333 0.06