0 0.06166666666666667 0.8266666666666667 0.12333333333333334 0.19
0 0.13666666666666666 0.6325 0.11833333333333333 0.11833333333333333
0 0.32666666666666666 0.4841666666666667 0.09166666666666666 0.085
0 0.43083333333333335 0.37666666666666665 0.09333333333333334 0.09
0 0.31583333333333335 0.9275 0.09333333333333334 0.11166666666666666
0 0.565 0.5 0.17 0.14666666666666667
0 0.7708333333333334 0.4633333333333333 0.15333333333333332 0.12833333333333333
0 0.6541666666666667 0.8933333333333333 0.14166666666666666 0.14333333333333334
0 0.5475 0.7616666666666667 0.03833333333333333 0.03
0 0.785 0.76 0.11333333333333333 0.11833333333333333
0 0.9333333333333333 0.6308333333333334 0.12 0.13833333333333334
0 0.9791666666666666 0.20583333333333334 0.041666666666666664 0.06833333333333333