0 0.2375 0.14416666666666667 0.11166666666666666 0.13
0 0.11666666666666667 0.31666666666666665 0.08666666666666667 0.09333333333333334
0 0.12333333333333334 0.8266666666666667 0.125 0.10166666666666667
0 0.005833333333333334 0.8708333333333333 0.011666666666666667 0.08166666666666667
0 0.21583333333333332 0.645 0.09 0.11
0 0.38166666666666665 0.5025 0.10833333333333334 0.14666666666666667
0 0.5225 0.33916666666666667 0.165 0.23666666666666666
0 0.6325 0.12583333333333332 0.22833333333333333 0.12
0 0.3491666666666667 0.9558333333333333 0.18833333333333332 0.08333333333333333
0 0.5575 0.74 0.13 0.1
0 0.9133333333333333 0.5241666666666667 0.135 0.13166666666666665
0 0.83 0.7816666666666666 0.18666666666666668 0.2733333333333333