0 0.17666666666666667 0.8091666666666667 0.125 0.09833333333333333
0 0.9708333333333333 0.37333333333333335 0.04 0.13
0 0.7533333333333333 0.19333333333333333 0.13833333333333334 0.09833333333333333
0 0.5858333333333333 0.14416666666666667 0.135 0.10833333333333334
0 0.29833333333333334 0.16833333333333333 0.14 0.105
0 0.09666666666666666 0.1275 0.13333333333333333 0.10166666666666667
0 0.20916666666666667 0.35083333333333333 0.11166666666666666 0.09833333333333333
0 0.3175 0.46416666666666667 0.09666666666666666 0.145
0 0.4816666666666667 0.6433333333333333 0.14 0.10833333333333334
0 0.6616666666666666 0.6991666666666667 0.11 0.08
0 0.7941666666666667 0.9108333333333334 0.26 0.11333333333333333
0 0.05583333333333333 0.6475 0.075 0.08833333333333333