0 0.30583333333333335 0.08416666666666667 0.24666666666666667 0.16
0 0.07083333333333333 0.6983333333333334 0.07833333333333334 0.08166666666666667
0 0.16083333333333333 0.5866666666666667 0.15333333333333332 0.12166666666666667
0 0.3175 0.6741666666666667 0.125 0.10166666666666667
0 0.32416666666666666 0.8533333333333334 0.07833333333333334 0.08
0 0.6116666666666667 0.8475 0.11833333333333333 0.135
0 0.7158333333333333 0.6866666666666666 0.12 0.125
0 0.565 0.58 0.13 0.11166666666666666
0 0.5683333333333334 0.2625 0.13166666666666665 0.115
0 0.7941666666666667 0.5216666666666666 0.1 0.08166666666666667
0 0.8925 0.36666666666666664 0.10833333333333334 0.13833333333333334
0 0.78 0.22166666666666668 0.175 0.135
0 0.9608333333333333 0.20833333333333334 0.07833333333333334 0.15333333333333332