0 0.1325 0.09166666666666666 0.15166666666666667 0.18333333333333332
0 0.3375 0.058333333333333334 0.11166666666666666 0.1
0 0.3383333333333333 0.18583333333333332 0.09666666666666666 0.14166666666666666
0 0.5558333333333333 0.23 0.12333333333333334 0.16166666666666665
0 0.5966666666666667 0.07 0.11666666666666667 0.13
0 0.8091666666666667 0.0725 0.09666666666666666 0.08333333333333333
0 0.7925 0.18083333333333335 0.08333333333333333 0.08
0 0.9375 0.19583333333333333 0.08333333333333333 0.07833333333333334
0 0.7866666666666666 0.2941666666666667 0.115 0.08166666666666667
0 0.82 0.4675 0.09666666666666666 0.09333333333333334
0 0.78 0.5891666666666666 0.16333333333333333 0.12333333333333334
0 0.6416666666666667 0.6425 0.12333333333333334 0.13666666666666666
0 0.6575 0.45666666666666667 0.105 0.09833333333333333
0 0.5325 0.4525 0.08833333333333333 0.09
0 0.5133333333333333 0.6733333333333333 0.085 0.10666666666666667
0 0.3975 0.6641666666666667 0.12166666666666667 0.13333333333333333
0 0.26666666666666666 0.6341666666666667 0.095 0.09666666666666666
0 0.295 0.385 0.09 0.09
0 0.1375 0.39916666666666667 0.105 0.08666666666666667
0 0.11583333333333333 0.5508333333333333 0.12666666666666668 0.11666666666666667
0 0.041666666666666664 0.8016666666666666 0.08333333333333333 0.07333333333333333
0 0.20333333333333334 0.8366666666666667 0.16166666666666665 0.10833333333333334
0 0.20083333333333334 0.95 0.11333333333333333 0.04666666666666667
0 0.045 0.9333333333333333 0.09 0.04
0 0.3675 0.97 0.105 0.04666666666666667
0 0.38 0.8566666666666667 0.105 0.09333333333333334
0 0.5591666666666667 0.845 0.12166666666666667 0.095
0 0.7291666666666666 0.835 0.07833333333333334 0.085
0 0.8833333333333333 0.7966666666666666 0.11666666666666667 0.08333333333333333
0 0.8808333333333334 0.9508333333333333 0.14166666666666666 0.09833333333333333
0 0.7041666666666667 0.9691666666666666 0.11166666666666666 0.06166666666666667
0 0.5508333333333333 0.9775 0.095 0.045