0 0.7483333333333333 0.9383333333333334 0.15 0.12333333333333334
0 0.625 0.8191666666666667 0.12833333333333333 0.12333333333333334
0 0.9291666666666667 0.7625 0.06833333333333333 0.09333333333333334
0 0.8425 0.6491666666666667 0.155 0.15
0 0.9541666666666667 0.31583333333333335 0.09166666666666666 0.135
0 0.8966666666666666 0.18916666666666668 0.1 0.11666666666666667
0 0.785 0.075 0.13666666666666666 0.085
0 0.7225 0.49333333333333335 0.15 0.11166666666666666
0 0.6058333333333333 0.3641666666666667 0.135 0.13833333333333334
0 0.4866666666666667 0.21416666666666667 0.19166666666666668 0.16
0 0.45166666666666666 0.04416666666666667 0.19 0.08833333333333333
0 0.12833333333333333 0.0775 0.14333333333333334 0.15
0 0.135 0.25 0.14333333333333334 0.11833333333333333
0 0.23083333333333333 0.3475 0.11666666666666667 0.09333333333333334
0 0.31833333333333336 0.4666666666666667 0.12333333333333334 0.10333333333333333
0 0.4216666666666667 0.5816666666666667 0.10333333333333333 0.095
0 0.5058333333333334 0.695 0.11 0.12333333333333334