0 0.9116666666666666 0.6366666666666667 0.07166666666666667 0.06333333333333334
0 0.9275 0.555 0.041666666666666664 0.03666666666666667
0 0.8933333333333333 0.47833333333333333 0.08 0.035
0 0.7666666666666667 0.47333333333333333 0.06666666666666667 0.043333333333333335
0 0.7466666666666667 0.5575 0.08 0.058333333333333334
0 0.6508333333333334 0.775 0.055 0.05333333333333334
0 0.7458333333333333 0.77 0.05333333333333334 0.065
0 0.645 0.14583333333333334 0.055 0.06166666666666667
0 0.5733333333333334 0.13916666666666666 0.04 0.08833333333333333
0 0.495 0.13583333333333333 0.05 0.058333333333333334
0 0.4083333333333333 0.1225 0.041666666666666664 0.07
0 0.11333333333333333 0.07916666666666666 0.07166666666666667 0.055
0 0.24916666666666668 0.02666666666666667 0.105 0.05333333333333334
0 0.25833333333333336 0.10416666666666667 0.05 0.041666666666666664
0 0.2633333333333333 0.19 0.06666666666666667 0.06
0 0.27416666666666667 0.2658333333333333 0.06333333333333334 0.06166666666666667
0 0.24583333333333332 0.38416666666666666 0.06 0.05333333333333334
0 0.25416666666666665 0.4483333333333333 0.06166666666666667 0.03
0 0.11583333333333333 0.4558333333333333 0.07833333333333334 0.06333333333333334
0 0.10833333333333334 0.5341666666666667 0.05333333333333334 0.056666666666666664
0 0.105 0.6008333333333333 0.043333333333333335 0.03166666666666667
0 0.0675 0.9566666666666667 0.065 0.056666666666666664
0 0.57 0.3908333333333333 0.03833333333333333 0.03333333333333333
0 0.575 0.4766666666666667 0.03333333333333333 0.04666666666666667
0 0.5833333333333334 0.6291666666666667 0.056666666666666664 0.041666666666666664
0 0.5833333333333334 0.7666666666666667 0.028333333333333332 0.05
0 0.5058333333333334 0.7516666666666667 0.03 0.02666666666666667
0 0.42833333333333334 0.7583333333333333 0.05 0.05333333333333334
0 0.3616666666666667 0.7591666666666667 0.016666666666666666 0.03166666666666667
0 0.28583333333333333 0.7525 0.03166666666666667 0.055
0 0.20416666666666666 0.7566666666666667 0.03166666666666667 0.056666666666666664
0 0.14333333333333334 0.7491666666666666 0.03833333333333333 0.051666666666666666