0 0.5633333333333334 0.14 0.135 0.17666666666666667
0 0.8033333333333333 0.22166666666666668 0.08166666666666667 0.05333333333333334
0 0.7283333333333334 0.4075 0.14 0.19
0 0.4675 0.32666666666666666 0.14166666666666666 0.155
0 0.22083333333333333 0.27416666666666667 0.045 0.03333333333333333
0 0.3308333333333333 0.4975 0.12 0.15666666666666668
0 0.6883333333333334 0.64 0.16166666666666665 0.18
0 0.5566666666666666 0.8025 0.135 0.2
0 0.4325 0.9558333333333333 0.105 0.08833333333333333
0 0.19666666666666666 0.8625 0.14 0.17166666666666666
0 0.26916666666666667 0.6875 0.17166666666666666 0.17333333333333334