0 0.2816666666666667 0.9408333333333333 0.095 0.09
0 0.345 0.84 0.11333333333333333 0.09666666666666666
0 0.52 0.645 0.15333333333333332 0.13166666666666665
0 0.2375 0.5466666666666666 0.12666666666666668 0.1
0 0.030833333333333334 0.32916666666666666 0.06166666666666667 0.10166666666666667
0 0.3675 0.35083333333333333 0.11333333333333333 0.12666666666666668
0 0.715 0.335 0.12666666666666668 0.14666666666666667
0 0.9125 0.215 0.07833333333333334 0.105
0 0.5425 0.0925 0.12 0.12833333333333333
0 0.37583333333333335 0.03916666666666667 0.11 0.07
0 0.19333333333333333 0.19833333333333333 0.12 0.13166666666666665