0 0.6541666666666667 0.13583333333333333 0.13333333333333333 0.10833333333333334
0 0.5108333333333334 0.19833333333333333 0.095 0.09
0 0.3858333333333333 0.24166666666666667 0.09 0.07833333333333334
0 0.2783333333333333 0.27666666666666667 0.105 0.1
0 0.14083333333333334 0.29083333333333333 0.13166666666666665 0.145
0 0.16833333333333333 0.45 0.08833333333333333 0.09333333333333334
0 0.3408333333333333 0.42916666666666664 0.09833333333333333 0.08833333333333333
0 0.6266666666666667 0.3725 0.11333333333333333 0.11
0 0.765 0.32666666666666666 0.11 0.09
0 0.825 0.49333333333333335 0.11 0.095
0 0.6583333333333333 0.5358333333333334 0.11666666666666667 0.145
0 0.8858333333333334 0.69 0.14166666666666666 0.15166666666666667
0 0.7525 0.74 0.09 0.08666666666666667
0 0.62 0.7525 0.08666666666666667 0.07333333333333333
0 0.5108333333333334 0.8241666666666667 0.11 0.09833333333333333
0 0.39916666666666667 0.7983333333333333 0.09166666666666666 0.07666666666666666
0 0.26916666666666667 0.8558333333333333 0.14 0.12166666666666667
0 0.07 0.9108333333333334 0.07166666666666667 0.055
0 0.035 0.84 0.07 0.06
0 0.020833333333333332 0.7575 0.041666666666666664 0.06166666666666667
0 0.21666666666666667 0.6483333333333333 0.08666666666666667 0.11666666666666667
0 0.4866666666666667 0.62 0.07 0.07
0 0.43916666666666665 0.5158333333333334 0.07833333333333334 0.10166666666666667
0 0.30833333333333335 0.585 0.03166666666666667 0.03166666666666667
0 0.3358333333333333 0.6283333333333333 0.025 0.02666666666666667