0 0.8441666666666666 0.205 0.14666666666666667 0.09666666666666666
0 0.5933333333333334 0.04 0.12333333333333334 0.08
0 0.4216666666666667 0.055 0.13833333333333334 0.09666666666666666
0 0.24666666666666667 0.09833333333333333 0.125 0.125
0 0.07166666666666667 0.14333333333333334 0.10833333333333334 0.08
0 0.12416666666666666 0.4125 0.16666666666666666 0.11333333333333333
0 0.31333333333333335 0.3575 0.09833333333333333 0.085
0 0.9041666666666667 0.5391666666666667 0.16666666666666666 0.13166666666666665
0 0.8608333333333333 0.39666666666666667 0.07 0.051666666666666666
0 0.4975 0.30916666666666665 0.12833333333333333 0.07166666666666667
0 0.5783333333333334 0.6158333333333333 0.12166666666666667 0.12
0 0.3933333333333333 0.67 0.13333333333333333 0.12
0 0.2175 0.7408333333333333 0.12 0.105
0 0.31083333333333335 0.9683333333333334 0.12833333333333333 0.06333333333333334
0 0.5383333333333333 0.9025 0.15833333333333333 0.085
0 0.8025 0.8275 0.13666666666666666 0.10333333333333333
0 0.9408333333333333 0.7691666666666667 0.11833333333333333 0.08166666666666667