0 0.8441666666666666 0.7858333333333334 0.12 0.09166666666666666
0 0.021666666666666667 0.4066666666666667 0.03166666666666667 0.12833333333333333
0 0.22583333333333333 0.21166666666666667 0.13333333333333333 0.09
0 0.38916666666666666 0.15083333333333335 0.13 0.1
0 0.6783333333333333 0.15583333333333332 0.135 0.09666666666666666
0 0.8758333333333334 0.1 0.12833333333333333 0.09333333333333334
0 0.7791666666666667 0.3308333333333333 0.10666666666666667 0.09166666666666666
0 0.6791666666666667 0.45166666666666666 0.08833333333333333 0.14
0 0.5283333333333333 0.6416666666666667 0.13333333333333333 0.1
0 0.35333333333333333 0.71 0.105 0.07333333333333333
0 0.235 0.93 0.255 0.09666666666666666
0 0.9533333333333334 0.6166666666666667 0.07 0.085