0 0.07 0.6 0.125 0.08333333333333333
0 0.315 0.33416666666666667 0.16 0.11166666666666666
0 0.21666666666666667 0.25833333333333336 0.03666666666666667 0.065
0 0.4825 0.305 0.08666666666666667 0.09666666666666666
0 0.6025 0.15833333333333333 0.12833333333333333 0.12833333333333333
0 0.7866666666666666 0.04 0.07 0.08
0 0.9341666666666667 0.5266666666666666 0.12 0.14
0 0.7141666666666666 0.555 0.13833333333333334 0.1
0 0.5716666666666667 0.6408333333333334 0.125 0.095
0 0.5875 0.855 0.13 0.11
0 0.7141666666666666 0.965 0.09333333333333334 0.04833333333333333
0 0.37666666666666665 0.925 0.105 0.07
0 0.38416666666666666 0.7625 0.05333333333333334 0.06666666666666667