0 0.0225 0.74 0.043333333333333335 0.09
0 0.14666666666666667 0.7266666666666667 0.10833333333333334 0.05333333333333334
0 0.0275 0.43833333333333335 0.055 0.11
0 0.15083333333333335 0.051666666666666666 0.08333333333333333 0.1
0 0.20583333333333334 0.39416666666666667 0.12333333333333334 0.065
0 0.30666666666666664 0.8025 0.10833333333333334 0.07333333333333333
0 0.43083333333333335 0.6725 0.11833333333333333 0.08666666666666667
0 0.5766666666666667 0.6416666666666667 0.09333333333333334 0.07833333333333334
0 0.7391666666666666 0.6008333333333333 0.105 0.08166666666666667
0 0.9058333333333334 0.35 0.09333333333333334 0.06166666666666667
0 0.3466666666666667 0.32666666666666666 0.10333333333333333 0.095
0 0.5025 0.31666666666666665 0.10333333333333333 0.075
0 0.6341666666666667 0.20833333333333334 0.1 0.07833333333333334
0 0.8391666666666666 0.1125 0.11 0.08666666666666667
0 0.9725 0.025833333333333333 0.055 0.051666666666666666