0 0.14583333333333334 0.91 0.18 0.155
0 0.09 0.7158333333333333 0.16666666666666666 0.16666666666666666
0 0.15083333333333335 0.47 0.175 0.16166666666666665
0 0.4066666666666667 0.5425 0.165 0.16166666666666665
0 0.3616666666666667 0.25666666666666665 0.22 0.20666666666666667
0 0.6 0.26166666666666666 0.20166666666666666 0.19
0 0.6783333333333333 0.5125 0.16333333333333333 0.19666666666666666
0 0.7175 0.9183333333333333 0.18333333333333332 0.13
0 0.9641666666666666 0.9166666666666666 0.07166666666666667 0.11666666666666667
0 0.9116666666666666 0.47833333333333333 0.17666666666666667 0.20666666666666667
0 0.8683333333333333 0.18 0.24166666666666667 0.24
0 0.7683333333333333 0.7216666666666667 0.17666666666666667 0.14166666666666666