0 0.6833333333333333 0.9308333333333333 0.06666666666666667 0.04
0 0.5475 0.9375 0.04666666666666667 0.045
0 0.36333333333333334 0.9175 0.04833333333333333 0.051666666666666666
0 0.5441666666666667 0.025833333333333333 0.075 0.051666666666666666
0 0.0825 0.415 0.07333333333333333 0.085
0 0.1 0.23583333333333334 0.08 0.09166666666666666
0 0.7241666666666666 0.6575 0.041666666666666664 0.07333333333333333
0 0.8975 0.6591666666666667 0.085 0.08833333333333333
0 0.91 0.49916666666666665 0.056666666666666664 0.065
0 0.685 0.9366666666666666 0.06333333333333334 0.045
0 0.2725 0.6358333333333334 0.065 0.05333333333333334
0 0.3983333333333333 0.3775 0.043333333333333335 0.051666666666666666
0 0.5641666666666667 0.38 0.08666666666666667 0.056666666666666664
0 0.5575 0.6491666666666667 0.05333333333333334 0.055
0 0.36083333333333334 0.815 0.051666666666666666 0.08833333333333333
0 0.2475 0.8025 0.06666666666666667 0.04
0 0.09 0.59 0.06833333333333333 0.08666666666666667