0 0.060833333333333336 0.8475 0.12166666666666667 0.145
0 0.19833333333333333 0.9283333333333333 0.12833333333333333 0.09
0 0.5958333333333333 0.8291666666666667 0.16166666666666665 0.10833333333333334
0 0.47 0.725 0.11833333333333333 0.15333333333333332
0 0.335 0.5866666666666667 0.17166666666666666 0.135
0 0.2 0.47833333333333333 0.14833333333333334 0.12833333333333333
0 0.14083333333333334 0.28833333333333333 0.13666666666666666 0.19166666666666668
0 0.29 0.19666666666666666 0.17 0.12833333333333333
0 0.45916666666666667 0.29833333333333334 0.11666666666666667 0.10833333333333334
0 0.5525 0.39166666666666666 0.075 0.09833333333333333
0 0.6716666666666666 0.49333333333333335 0.09666666666666666 0.09166666666666666
0 0.7 0.07333333333333333 0.145 0.12
0 0.8033333333333333 0.185 0.09333333333333334 0.105
0 0.9216666666666666 0.235 0.11666666666666667 0.16166666666666665
0 0.7833333333333333 0.5616666666666666 0.07166666666666667 0.06833333333333333
0 0.8925 0.6816666666666666 0.08333333333333333 0.105