0 0.07083333333333333 0.6375 0.115 0.12333333333333334
0 0.1975 0.8558333333333333 0.12666666666666668 0.13833333333333334
0 0.44166666666666665 0.9091666666666667 0.115 0.10666666666666667
0 0.43416666666666665 0.6166666666666667 0.135 0.13166666666666665
0 0.7508333333333334 0.7158333333333333 0.18166666666666667 0.19666666666666666
0 0.9008333333333334 0.6091666666666666 0.14333333333333334 0.11
0 0.31583333333333335 0.41583333333333333 0.135 0.145
0 0.25 0.21583333333333332 0.12833333333333333 0.13
0 0.5658333333333333 0.3883333333333333 0.20833333333333334 0.18333333333333332
0 0.6883333333333334 0.245 0.11833333333333333 0.14333333333333334
0 0.8216666666666667 0.13583333333333333 0.125 0.13833333333333334
0 0.985 0.265 0.03 0.07