0 0.8275 0.08833333333333333 0.06166666666666667 0.045
0 0.7725 0.46416666666666667 0.043333333333333335 0.06166666666666667
0 0.6475 0.4525 0.058333333333333334 0.04
0 0.5583333333333333 0.4608333333333333 0.065 0.058333333333333334
0 0.9058333333333334 0.7991666666666667 0.10833333333333334 0.07166666666666667
0 0.76 0.7141666666666666 0.06166666666666667 0.056666666666666664
0 0.7583333333333333 0.5958333333333333 0.05333333333333334 0.041666666666666664
0 0.7466666666666667 0.8166666666666667 0.07166666666666667 0.05
0 0.6358333333333334 0.6 0.065 0.051666666666666666
0 0.3933333333333333 0.7158333333333333 0.06 0.043333333333333335
0 0.2375 0.8033333333333333 0.051666666666666666 0.03666666666666667
0 0.2758333333333333 0.6875 0.058333333333333334 0.06
0 0.2783333333333333 0.5858333333333333 0.04 0.04666666666666667
0 0.2816666666666667 0.3908333333333333 0.06 0.055
0 0.275 0.2791666666666667 0.06833333333333333 0.04666666666666667
0 0.37333333333333335 0.14583333333333334 0.08166666666666667 0.06
0 0.18833333333333332 0.10833333333333334 0.07833333333333334 0.051666666666666666
0 0.2791666666666667 0.1275 0.05333333333333334 0.028333333333333332
0 0.11416666666666667 0.2708333333333333 0.06 0.065
0 0.04583333333333333 0.7083333333333334 0.03333333333333333 0.043333333333333335
0 0.45916666666666667 0.3 0.09 0.07666666666666666
0 0.21583333333333332 0.17083333333333334 0.07666666666666666 0.07
0 0.6491666666666667 0.9433333333333334 0.03333333333333333 0.06666666666666667
0 0.47833333333333333 0.5141666666666667 0.08166666666666667 0.04833333333333333
0 0.5058333333333334 0.5908333333333333 0.105 0.06833333333333333
0 0.18333333333333332 0.38083333333333336 0.06166666666666667 0.065
0 0.14333333333333334 0.5633333333333334 0.06333333333333334 0.05333333333333334
0 0.17916666666666667 0.7325 0.04833333333333333 0.07166666666666667
0 0.7033333333333334 0.8016666666666666 0.041666666666666664 0.075
0 0.425 0.8958333333333334 0.06166666666666667 0.05333333333333334
0 0.5333333333333333 0.4175 0.08166666666666667 0.06333333333333334
0 0.4866666666666667 0.029166666666666667 0.10666666666666667 0.03833333333333333
0 0.16916666666666666 0.2783333333333333 0.07166666666666667 0.07166666666666667