0 0.050833333333333335 0.8741666666666666 0.10166666666666667 0.06166666666666667
0 0.19083333333333333 0.8866666666666667 0.08166666666666667 0.045
0 0.3458333333333333 0.8883333333333333 0.13833333333333334 0.07666666666666666
0 0.6241666666666666 0.8875 0.09166666666666666 0.09
0 0.865 0.9108333333333334 0.11333333333333333 0.07166666666666667
0 0.8666666666666667 0.5441666666666667 0.06833333333333333 0.12
0 0.8766666666666667 0.3908333333333333 0.11333333333333333 0.10833333333333334
0 0.8791666666666667 0.23 0.058333333333333334 0.10333333333333333
0 0.8725 0.10583333333333333 0.09333333333333334 0.08166666666666667
0 0.5783333333333334 0.17916666666666667 0.06666666666666667 0.11166666666666666
0 0.5658333333333333 0.6208333333333333 0.07166666666666667 0.08333333333333333
0 0.5566666666666666 0.46166666666666667 0.065 0.11
0 0.5575 0.3375 0.10833333333333334 0.08833333333333333
0 0.3625 0.6225 0.09333333333333334 0.07166666666666667
0 0.21 0.6166666666666667 0.13333333333333333 0.10333333333333333
0 0.0575 0.6141666666666666 0.10666666666666667 0.1
0 0.16166666666666665 0.39416666666666667 0.10833333333333334 0.08666666666666667
0 0.3541666666666667 0.4066666666666667 0.105 0.06166666666666667
0 0.09 0.0375 0.06666666666666667 0.07166666666666667
0 0.2125 0.009166666666666667 0.08833333333333333 0.018333333333333333