0 0.8933333333333333 0.8283333333333334 0.15166666666666667 0.14333333333333334
0 0.7308333333333333 0.7533333333333333 0.13 0.125
0 0.98 0.5916666666666667 0.04 0.09333333333333334
0 0.8725 0.5166666666666667 0.15666666666666668 0.15166666666666667
0 0.8808333333333334 0.15583333333333332 0.14166666666666666 0.13666666666666666
0 0.7591666666666667 0.0675 0.10166666666666667 0.11833333333333333
0 0.6133333333333333 0.021666666666666667 0.13666666666666666 0.043333333333333335
0 0.7058333333333333 0.4141666666666667 0.15166666666666667 0.11333333333333333
0 0.55 0.335 0.13666666666666666 0.14
0 0.385 0.2375 0.19333333333333333 0.16333333333333333
0 0.2866666666666667 0.0775 0.19 0.12166666666666667
0 0.0375 0.23916666666666667 0.075 0.15166666666666667
0 0.07083333333333333 0.39666666666666667 0.14166666666666666 0.12
0 0.19416666666666665 0.45416666666666666 0.11833333333333333 0.095
0 0.31833333333333336 0.5341666666666667 0.125 0.105
0 0.4558333333333333 0.605 0.105 0.09666666666666666
0 0.5758333333333333 0.68 0.11166666666666666 0.12333333333333334