0 0.8333333333333334 0.97 0.18666666666666668 0.06
0 0.6483333333333333 0.8675 0.10833333333333334 0.07
0 0.5416666666666666 0.9491666666666667 0.13333333333333333 0.10166666666666667
0 0.9291666666666667 0.6783333333333333 0.1 0.14666666666666667
0 0.8191666666666667 0.5633333333333334 0.10833333333333334 0.09833333333333333
0 0.6008333333333333 0.7158333333333333 0.13 0.10666666666666667
0 0.49 0.5775 0.11666666666666667 0.145
0 0.2683333333333333 0.635 0.14 0.11333333333333333
0 0.07833333333333334 0.6008333333333333 0.13666666666666666 0.12666666666666668
0 0.2991666666666667 0.8841666666666667 0.041666666666666664 0.05
0 0.3475 0.43916666666666665 0.145 0.12
0 0.6616666666666666 0.3541666666666667 0.09666666666666666 0.12166666666666667
0 0.5858333333333333 0.20833333333333334 0.12666666666666668 0.14333333333333334
0 0.34833333333333333 0.065 0.16666666666666666 0.13