0 0.11166666666666666 0.8375 0.13 0.155
0 0.1725 0.5325 0.09666666666666666 0.1
0 0.1975 0.3325 0.12666666666666668 0.14833333333333334
0 0.3858333333333333 0.8758333333333334 0.14333333333333334 0.12166666666666667
0 0.5658333333333333 0.9033333333333333 0.13333333333333333 0.08166666666666667
0 0.755 0.88 0.10333333333333333 0.11333333333333333
0 0.725 0.685 0.12833333333333333 0.11
0 0.395 0.675 0.125 0.13666666666666666
0 0.4483333333333333 0.47333333333333333 0.10666666666666667 0.125
0 0.4816666666666667 0.29 0.10166666666666667 0.08666666666666667
0 0.5558333333333333 0.0875 0.14833333333333334 0.15333333333333332
0 0.6483333333333333 0.26 0.10833333333333334 0.11833333333333333
0 0.6816666666666666 0.48583333333333334 0.12166666666666667 0.125
0 0.9183333333333333 0.1825 0.12833333333333333 0.145
0 0.9508333333333333 0.3616666666666667 0.09833333333333333 0.15