0 0.7066666666666667 0.21 0.11333333333333333 0.085
0 0.8516666666666667 0.22916666666666666 0.09666666666666666 0.115
0 0.9325 0.4741666666666667 0.08666666666666667 0.09333333333333334
0 0.8291666666666667 0.5466666666666666 0.095 0.11166666666666666
0 0.6783333333333333 0.5933333333333334 0.11166666666666666 0.09333333333333334
0 0.585 0.6925 0.06166666666666667 0.095
0 0.6808333333333333 0.8416666666666667 0.07666666666666666 0.07833333333333334
0 0.7691666666666667 0.9333333333333333 0.06666666666666667 0.06166666666666667
0 0.31583333333333335 0.8341666666666666 0.07833333333333334 0.08
0 0.24 0.7333333333333333 0.075 0.11333333333333333
0 0.10583333333333333 0.5891666666666666 0.085 0.105
0 0.3958333333333333 0.47833333333333333 0.09166666666666666 0.07
0 0.49166666666666664 0.3925 0.07333333333333333 0.08333333333333333
0 0.2633333333333333 0.14166666666666666 0.09 0.08
0 0.36916666666666664 0.07583333333333334 0.08833333333333333 0.1
0 0.2808333333333333 0.38916666666666666 0.055 0.07833333333333334