0 0.775 0.25666666666666665 0.11833333333333333 0.06833333333333333
0 0.5591666666666667 0.21166666666666667 0.10166666666666667 0.06833333333333333
0 0.8783333333333333 0.42 0.08833333333333333 0.10333333333333333
0 0.7725 0.7766666666666666 0.10333333333333333 0.07333333333333333
0 0.515 0.8533333333333334 0.06666666666666667 0.07666666666666666
0 0.4008333333333333 0.9583333333333334 0.08333333333333333 0.08
0 0.295 0.665 0.08833333333333333 0.11666666666666667
0 0.21833333333333332 0.8483333333333334 0.13666666666666666 0.10666666666666667
0 0.05333333333333334 0.845 0.10666666666666667 0.09333333333333334
0 0.09083333333333334 0.6466666666666666 0.058333333333333334 0.06333333333333334
0 0.18333333333333332 0.5583333333333333 0.05333333333333334 0.03833333333333333
0 0.42833333333333334 0.4075 0.10333333333333333 0.06333333333333334
0 0.56 0.4608333333333333 0.1 0.06666666666666667
0 0.30416666666666664 0.1425 0.155 0.08666666666666667
0 0.05416666666666667 0.32416666666666666 0.1 0.10333333333333333
0 0.2708333333333333 0.3491666666666667 0.16833333333333333 0.075