0 0.7125 0.0475 0.15833333333333333 0.095
0 0.955 0.06583333333333333 0.05 0.085
0 0.9175 0.2608333333333333 0.145 0.16333333333333333
0 0.8266666666666667 0.46166666666666667 0.17 0.16
0 0.71 0.6666666666666666 0.14333333333333334 0.165
0 0.6258333333333334 0.8591666666666666 0.16666666666666666 0.175
0 0.16333333333333333 0.865 0.12833333333333333 0.16333333333333333
0 0.3275 0.6566666666666666 0.155 0.13833333333333334
0 0.45166666666666666 0.42833333333333334 0.15 0.13333333333333333
0 0.5791666666666667 0.22083333333333333 0.145 0.145
0 0.075 0.18916666666666668 0.058333333333333334 0.10333333333333333