0 0.525 0.31416666666666665 0.105 0.115
0 0.4141666666666667 0.3125 0.08333333333333333 0.10166666666666667
0 0.12333333333333334 0.2758333333333333 0.08166666666666667 0.12333333333333334
0 0.2633333333333333 0.2966666666666667 0.09 0.11666666666666667
0 0.034166666666666665 0.6425 0.06833333333333333 0.12166666666666667
0 0.31333333333333335 0.6841666666666667 0.11 0.16666666666666666
0 0.45416666666666666 0.6783333333333333 0.09833333333333333 0.10333333333333333
0 0.5708333333333333 0.7283333333333334 0.08333333333333333 0.16333333333333333
0 0.4033333333333333 0.8108333333333333 0.07333333333333333 0.06
0 0.9441666666666667 0.7633333333333333 0.06833333333333333 0.14833333333333334
0 0.8383333333333334 0.7583333333333333 0.1 0.14166666666666666
0 0.7691666666666667 0.8891666666666667 0.023333333333333334 0.05