0 0.11166666666666666 0.0725 0.058333333333333334 0.04833333333333333
0 0.36583333333333334 0.0075 0.058333333333333334 0.015
0 0.3125 0.06583333333333333 0.07833333333333334 0.07666666666666666
0 0.1975 0.07666666666666666 0.07666666666666666 0.08
0 0.9258333333333333 0.12083333333333333 0.03666666666666667 0.07166666666666667
0 0.9883333333333333 0.21666666666666667 0.023333333333333334 0.056666666666666664
0 0.9775 0.2925 0.045 0.04833333333333333
0 0.9358333333333333 0.7083333333333334 0.07 0.09166666666666666
0 0.8358333333333333 0.72 0.11166666666666666 0.08
0 0.7258333333333333 0.6641666666666667 0.08166666666666667 0.09833333333333333
0 0.8608333333333333 0.38333333333333336 0.06666666666666667 0.06166666666666667
0 0.8091666666666667 0.47833333333333333 0.04666666666666667 0.04833333333333333
0 0.7341666666666666 0.565 0.058333333333333334 0.058333333333333334
0 0.6516666666666666 0.32666666666666666 0.06833333333333333 0.051666666666666666
0 0.5941666666666666 0.39416666666666667 0.045 0.07
0 0.5958333333333333 0.49833333333333335 0.06666666666666667 0.06166666666666667
0 0.5758333333333333 0.5816666666666667 0.06 0.07166666666666667
0 0.53 0.6525 0.05333333333333334 0.05333333333333334
0 0.475 0.7475 0.06833333333333333 0.051666666666666666
0 0.37416666666666665 0.7266666666666667 0.07666666666666666 0.058333333333333334
0 0.2875 0.7016666666666667 0.06 0.07333333333333333
0 0.20916666666666667 0.6491666666666667 0.065 0.08166666666666667
0 0.6133333333333333 0.23916666666666667 0.065 0.085
0 0.6183333333333333 0.14666666666666667 0.07166666666666667 0.065
0 0.445 0.21583333333333332 0.07333333333333333 0.09
0 0.46 0.315 0.09166666666666666 0.07666666666666666
0 0.3725 0.3975 0.04 0.051666666666666666
0 0.3441666666666667 0.48333333333333334 0.051666666666666666 0.06333333333333334
0 0.21333333333333335 0.55 0.075 0.08333333333333333