0 0.10416666666666667 0.08 0.058333333333333334 0.04666666666666667
0 0.3575 0.009166666666666667 0.058333333333333334 0.018333333333333333
0 0.305 0.06916666666666667 0.07666666666666666 0.07666666666666666
0 0.19 0.0825 0.07666666666666666 0.07833333333333334
0 0.9191666666666667 0.11333333333333333 0.03666666666666667 0.07166666666666667
0 0.9858333333333333 0.20833333333333334 0.028333333333333332 0.056666666666666664
0 0.9741666666666666 0.285 0.04666666666666667 0.04833333333333333
0 0.9391666666666667 0.7008333333333333 0.06833333333333333 0.09166666666666666
0 0.84 0.7141666666666666 0.11166666666666666 0.07833333333333334
0 0.7291666666666666 0.6608333333333334 0.08 0.09833333333333333
0 0.8591666666666666 0.37666666666666665 0.065 0.06166666666666667
0 0.8083333333333333 0.4725 0.04666666666666667 0.04833333333333333
0 0.7358333333333333 0.5608333333333333 0.056666666666666664 0.058333333333333334
0 0.6483333333333333 0.32416666666666666 0.06666666666666667 0.05
0 0.5925 0.3925 0.045 0.07
0 0.5958333333333333 0.49583333333333335 0.065 0.06166666666666667
0 0.5775 0.58 0.06 0.07166666666666667
0 0.5325 0.6516666666666666 0.05333333333333334 0.05333333333333334
0 0.4791666666666667 0.7475 0.06833333333333333 0.051666666666666666
0 0.3775 0.7283333333333334 0.07666666666666666 0.058333333333333334
0 0.29083333333333333 0.705 0.058333333333333334 0.07333333333333333
0 0.21166666666666667 0.655 0.06333333333333334 0.08
0 0.6083333333333333 0.2375 0.06333333333333334 0.08333333333333333
0 0.6125 0.145 0.07 0.065
0 0.44 0.21666666666666667 0.07166666666666667 0.08833333333333333
0 0.45666666666666667 0.31583333333333335 0.09 0.07666666666666666
0 0.37083333333333335 0.4 0.03833333333333333 0.051666666666666666
0 0.3441666666666667 0.48583333333333334 0.05 0.06333333333333334
0 0.21416666666666667 0.555 0.07333333333333333 0.08333333333333333