0 0.8416666666666667 0.1 0.06166666666666667 0.043333333333333335
0 0.7308333333333333 0.13333333333333333 0.055 0.045
0 0.7733333333333333 0.47333333333333333 0.04 0.06166666666666667
0 0.6491666666666667 0.4575 0.056666666666666664 0.03833333333333333
0 0.5591666666666667 0.4625 0.06333333333333334 0.056666666666666664
0 0.9716666666666667 0.7066666666666667 0.056666666666666664 0.08
0 0.895 0.8125 0.10666666666666667 0.06833333333333333
0 0.7525 0.7233333333333334 0.06 0.055
0 0.7541666666666667 0.6041666666666666 0.05333333333333334 0.04
0 0.7358333333333333 0.825 0.07 0.04833333333333333
0 0.6316666666666667 0.605 0.065 0.05
0 0.5375 0.8208333333333333 0.058333333333333334 0.03833333333333333
0 0.3858333333333333 0.7125 0.06 0.04
0 0.39416666666666667 0.8141666666666667 0.065 0.05333333333333334
0 0.22666666666666666 0.7941666666666667 0.05 0.035
0 0.05416666666666667 0.7966666666666666 0.055 0.04666666666666667
0 0.26916666666666667 0.6791666666666667 0.056666666666666664 0.058333333333333334
0 0.275 0.5783333333333334 0.04 0.045
0 0.275 0.4875 0.041666666666666664 0.055
0 0.285 0.38333333333333336 0.058333333333333334 0.05333333333333334
0 0.2825 0.27166666666666667 0.06833333333333333 0.043333333333333335
0 0.3858333333333333 0.14166666666666666 0.08 0.056666666666666664
0 0.20166666666666666 0.09833333333333333 0.07666666666666666 0.04833333333333333
0 0.2916666666666667 0.12 0.05333333333333334 0.02666666666666667
0 0.1225 0.2575 0.058333333333333334 0.06333333333333334
0 0.06666666666666667 0.3933333333333333 0.09166666666666666 0.1
0 0.03916666666666667 0.6925 0.03333333333333333 0.041666666666666664