0 0.08583333333333333 0.24333333333333335 0.07833333333333334 0.09666666666666666
0 0.0125 0.6566666666666666 0.025 0.1
0 0.115 0.5 0.10833333333333334 0.10333333333333333
0 0.04083333333333333 0.4508333333333333 0.08166666666666667 0.09166666666666666
0 0.19416666666666665 0.38666666666666666 0.09666666666666666 0.08166666666666667
0 0.3258333333333333 0.375 0.07333333333333333 0.09
0 0.38916666666666666 0.17666666666666667 0.09333333333333334 0.085
0 0.465 0.10083333333333333 0.075 0.065
0 0.5416666666666666 0.028333333333333332 0.09666666666666666 0.056666666666666664
0 0.605 0.14666666666666667 0.07333333333333333 0.07
0 0.6575 0.24083333333333334 0.058333333333333334 0.06
0 0.605 0.325 0.07833333333333334 0.085
0 0.31083333333333335 0.4741666666666667 0.105 0.10666666666666667
0 0.3441666666666667 0.5841666666666666 0.07333333333333333 0.09166666666666666
0 0.5941666666666666 0.47333333333333333 0.08 0.065
0 0.7016666666666667 0.415 0.07666666666666666 0.06
0 0.8 0.4575 0.09666666666666666 0.07166666666666667
0 0.8383333333333334 0.5575 0.10166666666666667 0.095
0 0.7633333333333333 0.65 0.075 0.09166666666666666
0 0.6508333333333334 0.6975 0.08833333333333333 0.07333333333333333
0 0.5616666666666666 0.6191666666666666 0.08333333333333333 0.065
0 0.4675 0.5533333333333333 0.045 0.051666666666666666
0 0.4 0.6958333333333333 0.056666666666666664 0.051666666666666666
0 0.44916666666666666 0.7933333333333333 0.07666666666666666 0.07
0 0.295 0.8075 0.075 0.06833333333333333
0 0.5483333333333333 0.9883333333333333 0.08333333333333333 0.023333333333333334
0 0.4791666666666667 0.8983333333333333 0.065 0.06666666666666667
0 0.37833333333333335 0.955 0.08833333333333333 0.075
0 0.9083333333333333 0.8258333333333333 0.06166666666666667 0.06333333333333334
0 0.8325 0.8875 0.06666666666666667 0.058333333333333334
0 0.7391666666666666 0.9316666666666666 0.08333333333333333 0.06
0 0.6525 0.9783333333333334 0.07166666666666667 0.043333333333333335
0 0.8391666666666666 0.985 0.10166666666666667 0.03