0 0.9283333333333333 0.3566666666666667 0.14 0.09666666666666666
0 0.8516666666666667 0.2125 0.09833333333333333 0.07
0 0.7066666666666667 0.1275 0.11166666666666666 0.07333333333333333
0 0.445 0.020833333333333332 0.13333333333333333 0.041666666666666664
0 0.1725 0.0225 0.09166666666666666 0.045
0 0.4 0.4766666666666667 0.07666666666666666 0.06
0 0.5558333333333333 0.39166666666666666 0.08333333333333333 0.08166666666666667
0 0.8408333333333333 0.5375 0.11166666666666666 0.1
0 0.6775 0.6058333333333333 0.13 0.10833333333333334
0 0.3775 0.7266666666666667 0.14833333333333334 0.09333333333333334
0 0.6675 0.8758333333333334 0.09833333333333333 0.09166666666666666
0 0.0775 0.49916666666666665 0.085 0.12
0 0.050833333333333335 0.2733333333333333 0.075 0.11833333333333333