0 0.23083333333333333 0.2758333333333333 0.17833333333333334 0.18666666666666668
0 0.1425 0.49416666666666664 0.16 0.13
0 0.2991666666666667 0.7225 0.15833333333333333 0.09666666666666666
0 0.4558333333333333 0.5441666666666667 0.14 0.11833333333333333
0 0.4583333333333333 0.28833333333333333 0.13333333333333333 0.125
0 0.6983333333333334 0.355 0.13833333333333334 0.17333333333333334
0 0.92 0.31416666666666665 0.13333333333333333 0.11333333333333333
0 0.9733333333333334 0.5716666666666667 0.051666666666666666 0.08
0 0.9166666666666666 0.7341666666666666 0.13166666666666665 0.11
0 0.6516666666666666 0.6833333333333333 0.16833333333333333 0.10166666666666667
0 0.5033333333333333 0.8491666666666666 0.17166666666666666 0.12
0 0.8566666666666667 0.945 0.14666666666666667 0.11
0 0.07166666666666667 0.7675 0.14333333333333334 0.10833333333333334
0 0.0033333333333333335 0.635 0.006666666666666667 0.06666666666666667
0 0.12666666666666668 0.89 0.12333333333333334 0.11333333333333333
0 0.26916666666666667 0.9533333333333334 0.12833333333333333 0.06333333333333334