0 0.6066666666666667 0.8633333333333333 0.12166666666666667 0.13166666666666665
0 0.9008333333333334 0.9616666666666667 0.145 0.07666666666666666
0 0.6683333333333333 0.6866666666666666 0.12666666666666668 0.16166666666666665
0 0.30833333333333335 0.7066666666666667 0.11666666666666667 0.175
0 0.9441666666666667 0.7591666666666667 0.06666666666666667 0.065
0 0.7316666666666667 0.4975 0.13166666666666665 0.14333333333333334
0 0.84 0.31333333333333335 0.135 0.11
0 0.9741666666666666 0.045 0.051666666666666666 0.07666666666666666
0 0.35583333333333333 0.44666666666666666 0.155 0.185
0 0.060833333333333336 0.5416666666666666 0.12166666666666667 0.19333333333333333
0 0.06833333333333333 0.9583333333333334 0.13666666666666666 0.07