0 0.10583333333333333 0.1525 0.04666666666666667 0.08
0 0.14666666666666667 0.64 0.08666666666666667 0.1
0 0.15666666666666668 0.8516666666666667 0.056666666666666664 0.09
0 0.265 0.6458333333333334 0.05 0.06333333333333334
0 0.37333333333333335 0.3725 0.06833333333333333 0.08166666666666667
0 0.3383333333333333 0.13 0.055 0.07333333333333333
0 0.48 0.14333333333333334 0.051666666666666666 0.05
0 0.4891666666666667 0.375 0.06166666666666667 0.04
0 0.5175 0.6491666666666667 0.05333333333333334 0.065
0 0.4083333333333333 0.6225 0.06833333333333333 0.11666666666666667
0 0.7458333333333333 0.8033333333333333 0.05 0.06833333333333333
0 0.9166666666666666 0.3258333333333333 0.09166666666666666 0.07666666666666666
0 0.68 0.12583333333333332 0.05333333333333334 0.05
0 0.7816666666666666 0.12416666666666666 0.03833333333333333 0.05333333333333334
0 0.5908333333333333 0.36 0.06333333333333334 0.07833333333333334