0 0.9766666666666667 0.16583333333333333 0.04666666666666667 0.125
0 0.9075 0.12583333333333332 0.07833333333333334 0.11166666666666666
0 0.8166666666666667 0.0625 0.09333333333333334 0.105
0 0.7191666666666666 0.028333333333333332 0.09 0.045
0 0.4825 0.11333333333333333 0.09333333333333334 0.08166666666666667
0 0.6033333333333334 0.215 0.09 0.09666666666666666
0 0.9666666666666667 0.5641666666666667 0.06666666666666667 0.10666666666666667
0 0.8358333333333333 0.3516666666666667 0.11166666666666666 0.09333333333333334
0 0.305 0.2633333333333333 0.105 0.135
0 0.44666666666666666 0.41 0.07333333333333333 0.10166666666666667
0 0.5858333333333333 0.5283333333333333 0.10833333333333334 0.10833333333333334
0 0.035 0.2525 0.06 0.18
0 0.0825 0.37833333333333335 0.1 0.075
0 0.1525 0.5416666666666666 0.135 0.13
0 0.27166666666666667 0.63 0.10166666666666667 0.105
0 0.1825 0.7816666666666666 0.16333333333333333 0.17
0 0.3575 0.8541666666666666 0.11 0.11
0 0.7175 0.7316666666666667 0.13 0.105
0 0.9508333333333333 0.8925 0.075 0.1