0 0.06333333333333334 0.5375 0.12666666666666668 0.10166666666666667
0 0.375 0.715 0.17333333333333334 0.135
0 0.305 0.8166666666666667 0.04666666666666667 0.06833333333333333
0 0.5433333333333333 0.6908333333333333 0.1 0.10833333333333334
0 0.7033333333333334 0.7933333333333333 0.145 0.145
0 0.9191666666666667 0.8591666666666666 0.085 0.11
0 0.9041666666666667 0.3408333333333333 0.14 0.15666666666666668
0 0.6858333333333333 0.38166666666666665 0.15 0.12
0 0.5241666666666667 0.3441666666666667 0.13666666666666666 0.11333333333333333
0 0.47333333333333333 0.135 0.14333333333333334 0.12833333333333333
0 0.5591666666666667 0.011666666666666667 0.09833333333333333 0.023333333333333334
0 0.25083333333333335 0.13416666666666666 0.11333333333333333 0.08666666666666667
0 0.30833333333333335 0.28583333333333333 0.06333333333333334 0.07333333333333333