0 0.5483333333333333 0.6825 0.12833333333333333 0.09
0 0.7108333333333333 0.6708333333333333 0.08666666666666667 0.12166666666666667
0 0.24833333333333332 0.7091666666666666 0.09666666666666666 0.05
0 0.25333333333333335 0.9616666666666667 0.09333333333333334 0.07666666666666666
0 0.0575 0.6966666666666667 0.095 0.08
0 0.3625 0.75 0.06166666666666667 0.043333333333333335
0 0.6308333333333334 0.1825 0.155 0.11833333333333333
0 0.35583333333333333 0.25416666666666665 0.165 0.08666666666666667
0 0.115 0.32916666666666666 0.065 0.043333333333333335
0 0.07333333333333333 0.05333333333333334 0.06166666666666667 0.07666666666666666
0 0.8416666666666667 0.12083333333333333 0.12666666666666668 0.085
0 0.96 0.5791666666666667 0.08 0.105