0 0.5541666666666667 0.9066666666666666 0.115 0.10833333333333334
0 0.7041666666666667 0.7933333333333333 0.11166666666666666 0.095
0 0.9283333333333333 0.7441666666666666 0.11166666666666666 0.11666666666666667
0 0.8558333333333333 0.5608333333333333 0.09833333333333333 0.07833333333333334
0 0.7383333333333333 0.45416666666666666 0.13333333333333333 0.12166666666666667
0 0.8858333333333334 0.39166666666666666 0.105 0.07666666666666666
0 0.43583333333333335 0.7483333333333333 0.09166666666666666 0.09
0 0.12666666666666668 0.6325 0.08666666666666667 0.06333333333333334
0 0.025 0.3283333333333333 0.043333333333333335 0.11166666666666666
0 0.52 0.38 0.16166666666666665 0.11833333333333333
0 0.15 0.2325 0.07666666666666666 0.08
0 0.2725 0.19666666666666666 0.09 0.08166666666666667
0 0.42083333333333334 0.12 0.10333333333333333 0.09
0 0.6591666666666667 0.19 0.10833333333333334 0.09333333333333334
0 0.8083333333333333 0.09666666666666666 0.105 0.095
0 0.945 0.043333333333333335 0.07166666666666667 0.05