0 0.4558333333333333 0.1375 0.12833333333333333 0.17333333333333334
0 0.21166666666666667 0.20666666666666667 0.08 0.05
0 0.27666666666666667 0.3958333333333333 0.13333333333333333 0.18666666666666668
0 0.5408333333333334 0.3283333333333333 0.13666666666666666 0.15166666666666667
0 0.79 0.28833333333333333 0.043333333333333335 0.03
0 0.6691666666666667 0.5066666666666667 0.11333333333333333 0.15333333333333332
0 0.305 0.63 0.155 0.175
0 0.4275 0.7991666666666667 0.12666666666666668 0.19666666666666666
0 0.5425 0.9583333333333334 0.10166666666666667 0.08333333333333333
0 0.7825 0.8783333333333333 0.13333333333333333 0.16833333333333333
0 0.7208333333333333 0.7 0.16666666666666666 0.16666666666666666