0 0.9708333333333333 0.3 0.058333333333333334 0.08
0 0.8291666666666667 0.33166666666666667 0.10833333333333334 0.09666666666666666
0 0.75 0.2575 0.06166666666666667 0.06833333333333333
0 0.6716666666666666 0.3525 0.11166666666666666 0.07333333333333333
0 0.5091666666666667 0.37666666666666665 0.11 0.08
0 0.35 0.425 0.06333333333333334 0.08
0 0.17583333333333334 0.44 0.10166666666666667 0.09333333333333334
0 0.08333333333333333 0.7675 0.11833333333333333 0.15833333333333333
0 0.23166666666666666 0.6891666666666667 0.115 0.11666666666666667
0 0.38083333333333336 0.6225 0.115 0.07
0 0.5591666666666667 0.6225 0.11333333333333333 0.10666666666666667
0 0.7125 0.5908333333333333 0.09166666666666666 0.07
0 0.8741666666666666 0.5575 0.11 0.15166666666666667