0 0.6208333333333333 0.9616666666666667 0.17166666666666666 0.07666666666666666
0 0.8633333333333333 0.9825 0.06333333333333334 0.035
0 0.8641666666666666 0.815 0.17166666666666666 0.185
0 0.8133333333333334 0.6 0.19333333333333333 0.18666666666666668
0 0.7383333333333333 0.37583333333333335 0.17 0.18666666666666668
0 0.6916666666666667 0.17166666666666666 0.19333333333333333 0.2
0 0.23916666666666667 0.08416666666666667 0.155 0.16833333333333333
0 0.36083333333333334 0.31333333333333335 0.175 0.16333333333333333
0 0.43916666666666665 0.5616666666666666 0.16833333333333333 0.15666666666666668
0 0.525 0.7891666666666667 0.16833333333333333 0.16666666666666666
0 0.030833333333333334 0.7241666666666666 0.06166666666666667 0.11166666666666666