0 0.8041666666666667 0.7691666666666667 0.15166666666666667 0.14333333333333334
0 0.8175 0.6108333333333333 0.07833333333333334 0.07833333333333334
0 0.7916666666666666 0.16166666666666665 0.14 0.12666666666666668
0 0.7158333333333333 0.33416666666666667 0.14666666666666667 0.14666666666666667
0 0.6433333333333333 0.49583333333333335 0.12666666666666668 0.12166666666666667
0 0.5825 0.06666666666666667 0.16833333333333333 0.13333333333333333
0 0.33916666666666667 0.056666666666666664 0.12 0.08666666666666667
0 0.47833333333333333 0.295 0.14 0.13666666666666666
0 0.39166666666666666 0.45666666666666667 0.16 0.125
0 0.5758333333333333 0.6341666666666667 0.14333333333333334 0.15166666666666667
0 0.2758333333333333 0.6166666666666667 0.155 0.14333333333333334
0 0.12166666666666667 0.72 0.16333333333333333 0.145
0 0.2375 0.9533333333333334 0.155 0.09333333333333334
0 0.38416666666666666 0.8466666666666667 0.14833333333333334 0.12333333333333334
0 0.4975 0.7583333333333333 0.11 0.11166666666666666