0 0.8966666666666666 0.024166666666666666 0.08333333333333333 0.04833333333333333
0 0.7608333333333334 0.04583333333333333 0.13833333333333334 0.09166666666666666
0 0.6091666666666666 0.16333333333333333 0.08833333333333333 0.09833333333333333
0 0.2225 0.1525 0.125 0.09666666666666666
0 0.030833333333333334 0.14833333333333334 0.06166666666666667 0.08
0 0.0325 0.2875 0.065 0.08166666666666667
0 0.08333333333333333 0.78 0.10833333333333334 0.09833333333333333
0 0.235 0.795 0.115 0.09166666666666666
0 0.3825 0.84 0.11666666666666667 0.09666666666666666
0 0.5833333333333334 0.8441666666666666 0.12333333333333334 0.1
0 0.7375 0.9058333333333334 0.12 0.08166666666666667
0 0.6608333333333334 0.5191666666666667 0.125 0.09833333333333333
0 0.37083333333333335 0.5008333333333334 0.11 0.09166666666666666
0 0.36083333333333334 0.3383333333333333 0.11 0.06833333333333333
0 0.6991666666666667 0.36333333333333334 0.11166666666666666 0.11
0 0.915 0.7966666666666666 0.17 0.15333333333333332