0 0.7783333333333333 0.8475 0.12833333333333333 0.11333333333333333
0 0.4508333333333333 0.8191666666666667 0.12166666666666667 0.14166666666666666
0 0.32416666666666666 0.5875 0.115 0.1
0 0.12166666666666667 0.4658333333333333 0.09666666666666666 0.175
0 0.2975 0.3566666666666667 0.11 0.12666666666666668
0 0.06666666666666667 0.17833333333333334 0.13333333333333333 0.13333333333333333
0 0.3566666666666667 0.07333333333333333 0.11 0.13333333333333333
0 0.5041666666666667 0.025833333333333333 0.115 0.051666666666666666
0 0.8041666666666667 0.13 0.085 0.11833333333333333
0 0.595 0.17416666666666666 0.08666666666666667 0.09
0 0.5533333333333333 0.405 0.14333333333333334 0.12333333333333334
0 0.8991666666666667 0.4841666666666667 0.125 0.10333333333333333
0 0.955 0.32416666666666666 0.07 0.085