0 0.3491666666666667 0.9091666666666667 0.18833333333333332 0.18166666666666667
0 0.5341666666666667 0.8891666666666667 0.14666666666666667 0.125
0 0.6741666666666667 0.7983333333333333 0.08833333333333333 0.08
0 0.9566666666666667 0.5675 0.08666666666666667 0.1
0 0.835 0.5158333333333334 0.09 0.08833333333333333
0 0.67 0.5033333333333333 0.09166666666666666 0.08833333333333333
0 0.76 0.3725 0.115 0.105
0 0.9016666666666666 0.21 0.10166666666666667 0.115
0 0.8683333333333333 0.06 0.08833333333333333 0.09333333333333334
0 0.7266666666666667 0.14833333333333334 0.12666666666666668 0.12833333333333333
0 0.5991666666666666 0.03333333333333333 0.11833333333333333 0.06666666666666667
0 0.4816666666666667 0.41083333333333333 0.14833333333333334 0.13
0 0.2708333333333333 0.5566666666666666 0.13333333333333333 0.10166666666666667
0 0.15666666666666668 0.6516666666666666 0.1 0.07833333333333334
0 0.12 0.8366666666666667 0.08333333333333333 0.08166666666666667