0 0.685 0.5525 0.13 0.11666666666666667
0 0.4533333333333333 0.6175 0.11666666666666667 0.09666666666666666
0 0.2891666666666667 0.31083333333333335 0.09666666666666666 0.09
0 0.13666666666666666 0.37166666666666665 0.17833333333333334 0.11
0 0.2825 0.6216666666666667 0.11333333333333333 0.08666666666666667
0 0.11083333333333334 0.7341666666666666 0.16833333333333333 0.135
0 0.375 0.8766666666666667 0.135 0.10333333333333333
0 0.5308333333333334 0.8741666666666666 0.13833333333333334 0.10333333333333333
0 0.8225 0.9125 0.09833333333333333 0.105
0 0.6816666666666666 0.2325 0.11 0.09666666666666666
0 0.8983333333333333 0.15583333333333332 0.13666666666666666 0.17333333333333334