0 0.10166666666666667 0.7991666666666667 0.2 0.21833333333333332
0 0.25083333333333335 0.8866666666666667 0.15833333333333333 0.165
0 0.4483333333333333 0.9441666666666667 0.15 0.11166666666666666
0 0.7116666666666667 0.7616666666666667 0.18333333333333332 0.19
0 0.46166666666666667 0.5658333333333333 0.18 0.16166666666666665
0 0.155 0.505 0.155 0.15166666666666667
0 0.36333333333333334 0.31583333333333335 0.16166666666666665 0.14166666666666666
0 0.5825 0.09416666666666666 0.10833333333333334 0.13
0 0.83 0.08833333333333333 0.11333333333333333 0.11666666666666667
0 0.8891666666666667 0.45166666666666666 0.20166666666666666 0.19166666666666668
0 0.6825 0.3433333333333333 0.18333333333333332 0.16
0 0.9708333333333333 0.17166666666666666 0.058333333333333334 0.13333333333333333