0 0.10583333333333333 0.20583333333333334 0.09166666666666666 0.08666666666666667
0 0.2075 0.2675 0.11 0.09166666666666666
0 0.4525 0.3616666666666667 0.15 0.12666666666666668
0 0.245 0.5775 0.12333333333333334 0.095
0 0.1375 0.875 0.10666666666666667 0.09833333333333333
0 0.45 0.6933333333333334 0.10833333333333334 0.12333333333333334
0 0.7666666666666667 0.55 0.12166666666666667 0.14333333333333334
0 0.98 0.5666666666666667 0.04 0.10333333333333333
0 0.7225 0.8441666666666666 0.115 0.125
0 0.5983333333333334 0.9666666666666667 0.10833333333333334 0.06666666666666667
0 0.36333333333333334 0.9083333333333333 0.115 0.12833333333333333