0 0.9458333333333333 0.30333333333333334 0.06833333333333333 0.09166666666666666
0 0.9758333333333333 0.7275 0.04833333333333333 0.09166666666666666
0 0.8808333333333334 0.5541666666666667 0.1 0.09166666666666666
0 0.9616666666666667 0.5158333333333334 0.07666666666666666 0.08166666666666667
0 0.8191666666666667 0.43083333333333335 0.09166666666666666 0.07
0 0.69 0.4 0.06333333333333334 0.085
0 0.655 0.195 0.085 0.07666666666666666
0 0.5908333333333333 0.11 0.07 0.058333333333333334
0 0.5225 0.025 0.09166666666666666 0.05
0 0.44583333333333336 0.13583333333333333 0.06833333333333333 0.06166666666666667
0 0.38 0.22083333333333333 0.051666666666666666 0.055
0 0.42 0.3125 0.07 0.07833333333333334
0 0.6916666666666667 0.5008333333333334 0.095 0.09666666666666666
0 0.6425 0.605 0.06333333333333334 0.08666666666666667
0 0.41083333333333333 0.4608333333333333 0.075 0.056666666666666664
0 0.31166666666666665 0.3875 0.07333333333333333 0.051666666666666666
0 0.20916666666666667 0.4166666666666667 0.09166666666666666 0.06166666666666667
0 0.15666666666666668 0.51 0.09333333333333334 0.085
0 0.21833333333333332 0.6125 0.065 0.08666666666666667
0 0.3233333333333333 0.6741666666666667 0.08166666666666667 0.065
0 0.4216666666666667 0.61 0.08 0.055
0 0.5241666666666667 0.5566666666666666 0.04 0.04666666666666667
0 0.5716666666666667 0.7083333333333334 0.051666666666666666 0.04666666666666667
0 0.51 0.7975 0.07 0.06333333333333334
0 0.66 0.8325 0.07 0.06166666666666667
0 0.38083333333333336 0.9841666666666666 0.07833333333333334 0.03166666666666667
0 0.465 0.8975 0.06 0.06
0 0.5558333333333333 0.9666666666666667 0.08166666666666667 0.06666666666666667
0 0.050833333333333335 0.7658333333333334 0.055 0.056666666666666664
0 0.1175 0.8375 0.06333333333333334 0.051666666666666666
0 0.2025 0.8941666666666667 0.07833333333333334 0.051666666666666666
0 0.2808333333333333 0.9616666666666667 0.06666666666666667 0.055
0 0.09083333333333334 0.9608333333333333 0.09166666666666666 0.07833333333333334