0 0.12333333333333334 0.7416666666666667 0.12166666666666667 0.09333333333333334
0 0.9841666666666666 0.4658333333333333 0.03166666666666667 0.12833333333333333
0 0.8075 0.2475 0.135 0.09166666666666666
0 0.6525 0.16666666666666666 0.13 0.10166666666666667
0 0.365 0.13666666666666666 0.13666666666666666 0.09833333333333333
0 0.175 0.0575 0.13 0.095
0 0.24333333333333335 0.29833333333333334 0.10666666666666667 0.09333333333333334
0 0.3275 0.43 0.09 0.14166666666666666
0 0.45416666666666666 0.6375 0.135 0.10166666666666667
0 0.62 0.7266666666666667 0.10666666666666667 0.075
0 0.71 0.9541666666666667 0.25666666666666665 0.09166666666666666
0 0.035833333333333335 0.56 0.07166666666666667 0.085