0 0.8916666666666667 0.145 0.09833333333333333 0.085
0 0.7516666666666667 0.22916666666666666 0.11333333333333333 0.10166666666666667
0 0.6516666666666666 0.18666666666666668 0.065 0.07166666666666667
0 0.6108333333333333 0.3025 0.11333333333333333 0.08
0 0.4666666666666667 0.38083333333333336 0.11333333333333333 0.08666666666666667
0 0.3333333333333333 0.48083333333333333 0.06833333333333333 0.08333333333333333
0 0.175 0.555 0.10666666666666667 0.09833333333333333
0 0.2 0.8933333333333333 0.12833333333333333 0.16333333333333333
0 0.3125 0.7691666666666667 0.12166666666666667 0.12333333333333334
0 0.43 0.6558333333333334 0.11666666666666667 0.07666666666666666
0 0.5975 0.595 0.11833333333333333 0.11333333333333333
0 0.7308333333333333 0.5125 0.095 0.075
0 0.8716666666666667 0.42583333333333334 0.11833333333333333 0.155