0 0.22833333333333333 0.9833333333333333 0.19333333333333333 0.03333333333333333
0 0.3975 0.8825 0.115 0.08166666666666667
0 0.5133333333333333 0.9466666666666667 0.14333333333333334 0.10666666666666667
0 0.09583333333333334 0.73 0.11666666666666667 0.155
0 0.19083333333333333 0.6016666666666667 0.11833333333333333 0.11
0 0.4266666666666667 0.7266666666666667 0.14 0.12
0 0.5191666666666667 0.5758333333333333 0.13333333333333333 0.15666666666666668
0 0.7466666666666667 0.605 0.15166666666666667 0.12833333333333333
0 0.9275 0.5475 0.145 0.14166666666666666
0 0.7466666666666667 0.8566666666666667 0.04666666666666667 0.05333333333333334
0 0.6441666666666667 0.4216666666666667 0.15666666666666668 0.135
0 0.32166666666666666 0.37416666666666665 0.11 0.13
0 0.37916666666666665 0.22083333333333333 0.14166666666666666 0.15666666666666668
0 0.5966666666666667 0.06166666666666667 0.18 0.12333333333333334