0 0.23 0.7966666666666666 0.15833333333333333 0.125
0 0.07666666666666666 0.6583333333333333 0.065 0.07
0 0.2608333333333333 0.5341666666666667 0.12666666666666668 0.105
0 0.06583333333333333 0.29833333333333334 0.10166666666666667 0.09
0 0.38083333333333336 0.37333333333333335 0.10833333333333334 0.11166666666666666
0 0.5333333333333333 0.3283333333333333 0.055 0.06833333333333333
0 0.47833333333333333 0.20166666666666666 0.105 0.10666666666666667
0 0.5858333333333333 0.034166666666666665 0.115 0.06833333333333333
0 0.7683333333333333 0.7425 0.09666666666666666 0.08833333333333333
0 0.9191666666666667 0.5491666666666667 0.115 0.09833333333333333
0 0.95 0.4025 0.095 0.11833333333333333
0 0.28 0.9466666666666667 0.07666666666666666 0.10666666666666667