0 0.9833333333333333 0.8075 0.03333333333333333 0.12833333333333333
0 0.9266666666666666 0.8525 0.08333333333333333 0.115
0 0.8391666666666666 0.92 0.09833333333333333 0.10833333333333334
0 0.7433333333333333 0.96 0.09166666666666666 0.05
0 0.5025 0.8866666666666667 0.09833333333333333 0.08666666666666667
0 0.6183333333333333 0.7791666666666667 0.095 0.1
0 0.9625 0.4116666666666667 0.07166666666666667 0.11
0 0.8425 0.63 0.115 0.09833333333333333
0 0.3175 0.7466666666666667 0.11 0.14
0 0.45166666666666666 0.5925 0.07833333333333334 0.105
0 0.5841666666666666 0.4675 0.11333333333333333 0.115
0 0.04833333333333333 0.7691666666666667 0.06833333333333333 0.18166666666666667
0 0.08916666666666667 0.6433333333333333 0.10333333333333333 0.08
0 0.15 0.47583333333333333 0.14 0.13666666666666666
0 0.2658333333333333 0.38166666666666665 0.10666666666666667 0.11
0 0.16833333333333333 0.23583333333333334 0.17166666666666666 0.17833333333333334
0 0.33916666666666667 0.15333333333333332 0.115 0.11666666666666667
0 0.705 0.25666666666666665 0.135 0.11166666666666666
0 0.93 0.08416666666666667 0.08 0.10333333333333333