0 0.47333333333333333 0.9741666666666666 0.12 0.051666666666666666
0 0.29083333333333333 0.91 0.15333333333333332 0.14
0 0.11416666666666667 0.8241666666666667 0.09833333333333333 0.13
0 0.7866666666666666 0.9425 0.17 0.115
0 0.6066666666666667 0.8091666666666667 0.14833333333333334 0.155
0 0.3975 0.7308333333333333 0.17166666666666666 0.14166666666666666
0 0.18666666666666668 0.6166666666666667 0.14 0.12166666666666667
0 0.056666666666666664 0.48583333333333334 0.11333333333333333 0.165
0 0.7866666666666666 0.6391666666666667 0.15666666666666668 0.15833333333333333
0 0.59 0.5016666666666667 0.105 0.1
0 0.89 0.45 0.12 0.12833333333333333
0 0.9625 0.15 0.075 0.14666666666666667
0 0.6091666666666666 0.375 0.14333333333333334 0.105
0 0.7325 0.25083333333333335 0.14666666666666667 0.145
0 0.245 0.2866666666666667 0.13166666666666665 0.16
0 0.32166666666666666 0.16916666666666666 0.105 0.09166666666666666
0 0.4725 0.0825 0.12166666666666667 0.12
0 0.17166666666666666 0.016666666666666666 0.17 0.03333333333333333