0 0.6966666666666667 0.81 0.12833333333333333 0.09
0 0.4775 0.7933333333333333 0.11166666666666666 0.08666666666666667
0 0.8416666666666667 0.6816666666666666 0.10666666666666667 0.11666666666666667
0 0.8375 0.30916666666666665 0.115 0.09333333333333334
0 0.6116666666666667 0.165 0.08 0.08833333333333333
0 0.5316666666666666 0.03916666666666667 0.09666666666666666 0.07833333333333334
0 0.34833333333333333 0.285 0.11 0.13166666666666665
0 0.325 0.0875 0.15333333333333332 0.13166666666666665
0 0.16083333333333333 0.05 0.13166666666666665 0.1
0 0.1475 0.24666666666666667 0.06833333333333333 0.07333333333333333
0 0.21166666666666667 0.3566666666666667 0.058333333333333334 0.04833333333333333
0 0.4058333333333333 0.57 0.11333333333333333 0.08333333333333333
0 0.5466666666666666 0.5541666666666667 0.11 0.085
0 0.21333333333333335 0.79 0.16666666666666666 0.115
0 0.04083333333333333 0.545 0.08166666666666667 0.12
0 0.23833333333333334 0.5816666666666667 0.17833333333333334 0.10666666666666667