0 0.07916666666666666 0.9141666666666667 0.09666666666666666 0.085
0 0.2608333333333333 0.8958333333333334 0.07666666666666666 0.06666666666666667
0 0.345 0.8591666666666666 0.045 0.045
0 0.46416666666666667 0.8941666666666667 0.04666666666666667 0.04666666666666667
0 0.495 0.9658333333333333 0.07333333333333333 0.06833333333333333
0 0.04583333333333333 0.6841666666666667 0.08166666666666667 0.07166666666666667
0 0.16916666666666666 0.6791666666666667 0.09 0.065
0 0.2683333333333333 0.6783333333333333 0.06 0.06166666666666667
0 0.3858333333333333 0.6841666666666667 0.04 0.06
0 0.4791666666666667 0.6758333333333333 0.051666666666666666 0.045
0 0.6025 0.6941666666666667 0.07666666666666666 0.075
0 0.6691666666666667 0.82 0.06833333333333333 0.06
0 0.6958333333333333 0.8791666666666667 0.03666666666666667 0.043333333333333335
0 0.7675 0.9625 0.058333333333333334 0.075
0 0.8608333333333333 0.9808333333333333 0.09166666666666666 0.03833333333333333
0 0.95 0.8566666666666667 0.03 0.08166666666666667
0 0.8691666666666666 0.8016666666666666 0.06666666666666667 0.056666666666666664
0 0.8025 0.6683333333333333 0.07166666666666667 0.058333333333333334
0 0.9133333333333333 0.6758333333333333 0.06333333333333334 0.07166666666666667
0 0.7916666666666666 0.49 0.07166666666666667 0.06833333333333333
0 0.7833333333333333 0.39166666666666666 0.056666666666666664 0.06
0 0.975 0.10416666666666667 0.05 0.10166666666666667
0 0.9875 0.2916666666666667 0.025 0.08666666666666667
0 0.7808333333333334 0.2916666666666667 0.07333333333333333 0.075
0 0.815 0.11166666666666666 0.051666666666666666 0.06
0 0.7441666666666666 0.11583333333333333 0.045 0.055
0 0.6433333333333333 0.11166666666666666 0.06166666666666667 0.065
0 0.5558333333333333 0.11833333333333333 0.07333333333333333 0.051666666666666666
0 0.44916666666666666 0.11916666666666667 0.045 0.055
0 0.035 0.5083333333333333 0.07 0.08
0 0.115 0.5125 0.06333333333333334 0.08166666666666667
0 0.20416666666666666 0.5041666666666667 0.07666666666666666 0.08833333333333333
0 0.2841666666666667 0.5091666666666667 0.05333333333333334 0.056666666666666664
0 0.37083333333333335 0.5075 0.043333333333333335 0.05
0 0.47333333333333333 0.5066666666666667 0.06666666666666667 0.07666666666666666
0 0.5983333333333334 0.49416666666666664 0.07166666666666667 0.07166666666666667
0 0.12083333333333333 0.295 0.058333333333333334 0.07166666666666667
0 0.20666666666666667 0.2916666666666667 0.04666666666666667 0.056666666666666664
0 0.2991666666666667 0.29083333333333333 0.051666666666666666 0.06
0 0.38083333333333336 0.2891666666666667 0.056666666666666664 0.04833333333333333
0 0.2675 0.13166666666666665 0.06 0.07333333333333333