0 0.8966666666666666 0.8491666666666666 0.095 0.13333333333333333
0 0.67 0.9091666666666667 0.22666666666666666 0.18166666666666667
0 0.23916666666666667 0.7641666666666667 0.13833333333333334 0.15833333333333333
0 0.2275 0.5041666666666667 0.09333333333333334 0.13666666666666666
0 0.275 0.14333333333333334 0.15833333333333333 0.11666666666666667
0 0.555 0.19083333333333333 0.16166666666666665 0.12166666666666667
0 0.7925 0.3233333333333333 0.14 0.11833333333333333
0 0.9875 0.2025 0.025 0.11833333333333333
0 0.8483333333333334 0.6083333333333333 0.13833333333333334 0.18
0 0.9341666666666667 0.59 0.12166666666666667 0.10333333333333333
0 0.5983333333333334 0.5316666666666666 0.145 0.135