0 0.765 0.9 0.07833333333333334 0.08666666666666667
0 0.6283333333333333 0.8908333333333334 0.085 0.04833333333333333
0 0.49083333333333334 0.8741666666666666 0.07833333333333334 0.075
0 0.18 0.8233333333333334 0.07833333333333334 0.09833333333333333
0 0.205 0.5483333333333333 0.10333333333333333 0.07166666666666667
0 0.36333333333333334 0.5941666666666666 0.12666666666666668 0.10333333333333333
0 0.8 0.6091666666666666 0.11166666666666666 0.09666666666666666
0 0.8291666666666667 0.7408333333333333 0.07833333333333334 0.09666666666666666
0 0.7841666666666667 0.4275 0.09333333333333334 0.055
0 0.5516666666666666 0.39666666666666667 0.10166666666666667 0.09333333333333334
0 0.4225 0.3616666666666667 0.07166666666666667 0.07333333333333333
0 0.30666666666666664 0.33666666666666667 0.06333333333333334 0.05
0 0.25333333333333335 0.0625 0.06333333333333334 0.09
0 0.145 0.2125 0.06833333333333333 0.09166666666666666
0 0.5541666666666667 0.0725 0.095 0.07