0 0.20666666666666667 0.7166666666666667 0.10833333333333334 0.06166666666666667
0 0.43916666666666665 0.7666666666666667 0.11 0.06166666666666667
0 0.6066666666666667 0.7666666666666667 0.08666666666666667 0.056666666666666664
0 0.7408333333333333 0.7583333333333333 0.055 0.065
0 0.8891666666666667 0.7891666666666667 0.08333333333333333 0.06666666666666667
0 0.9816666666666667 0.5191666666666667 0.03666666666666667 0.12166666666666667
0 0.8483333333333334 0.5383333333333333 0.07666666666666666 0.06666666666666667
0 0.6816666666666666 0.5141666666666667 0.07 0.065
0 0.45416666666666666 0.4866666666666667 0.11 0.07
0 0.24666666666666667 0.45916666666666667 0.12666666666666668 0.085
0 0.025833333333333333 0.49666666666666665 0.051666666666666666 0.09666666666666666
0 0.07583333333333334 0.20583333333333334 0.11666666666666667 0.11666666666666667
0 0.20083333333333334 0.18583333333333332 0.09166666666666666 0.08
0 0.3308333333333333 0.20416666666666666 0.08333333333333333 0.058333333333333334
0 0.4816666666666667 0.20833333333333334 0.085 0.065
0 0.455 0.05333333333333334 0.08833333333333333 0.10666666666666667
0 0.7033333333333334 0.09166666666666666 0.07833333333333334 0.09166666666666666
0 0.6875 0.2725 0.06666666666666667 0.08166666666666667