0 0.7475 0.12333333333333334 0.23666666666666666 0.14333333333333334
0 0.9083333333333333 0.2866666666666667 0.07333333333333333 0.08166666666666667
0 0.9066666666666666 0.5691666666666667 0.14166666666666666 0.13666666666666666
0 0.6575 0.46 0.065 0.06
0 0.7175 0.6833333333333333 0.17166666666666666 0.13833333333333334
0 0.5616666666666666 0.8333333333333334 0.13833333333333334 0.14333333333333334
0 0.38 0.9433333333333334 0.12833333333333333 0.1
0 0.10083333333333333 0.7133333333333334 0.041666666666666664 0.03166666666666667
0 0.06333333333333334 0.7558333333333334 0.04833333333333333 0.043333333333333335
0 0.07083333333333333 0.43833333333333335 0.14166666666666666 0.15333333333333332
0 0.24916666666666668 0.31666666666666665 0.17166666666666666 0.19
0 0.4375 0.18916666666666668 0.18166666666666667 0.14833333333333334