0 0.935 0.37166666666666665 0.095 0.06
0 0.8733333333333333 0.11 0.06833333333333333 0.05
0 0.5325 0.1025 0.15 0.065
0 0.6141666666666666 0.4166666666666667 0.07833333333333334 0.05333333333333334
0 0.7958333333333333 0.48333333333333334 0.07666666666666666 0.045
0 0.9441666666666667 0.6083333333333333 0.09833333333333333 0.03666666666666667
0 0.5658333333333333 0.585 0.08333333333333333 0.03333333333333333
0 0.36 0.39416666666666667 0.045 0.12333333333333334
0 0.30333333333333334 0.215 0.075 0.04
0 0.35583333333333333 0.09 0.095 0.06
0 0.195 0.10583333333333333 0.058333333333333334 0.058333333333333334
0 0.049166666666666664 0.07916666666666666 0.07833333333333334 0.07
0 0.13833333333333334 0.4508333333333333 0.085 0.035
0 0.3275 0.5675 0.06333333333333334 0.06
0 0.37 0.6675 0.075 0.065
0 0.4066666666666667 0.8458333333333333 0.08 0.041666666666666664
0 0.2658333333333333 0.8775 0.06166666666666667 0.051666666666666666
0 0.1325 0.89 0.08666666666666667 0.043333333333333335
0 0.8125 0.81 0.051666666666666666 0.06666666666666667
0 0.815 0.685 0.065 0.1
0 0.15666666666666668 0.5816666666666667 0.05333333333333334 0.065
0 0.1675 0.7066666666666667 0.04833333333333333 0.065
0 0.6433333333333333 0.9208333333333333 0.05333333333333334 0.08333333333333333
0 0.63 0.7541666666666667 0.07333333333333333 0.09166666666666666
0 0.6066666666666667 0.2791666666666667 0.08166666666666667 0.05