0 0.6283333333333333 0.7358333333333333 0.31666666666666665 0.2
0 0.2475 0.6725 0.235 0.22666666666666666
0 0.20833333333333334 0.40166666666666667 0.16 0.11333333333333333
0 0.48 0.5066666666666667 0.2733333333333333 0.18333333333333332
0 0.7875 0.5291666666666667 0.13833333333333334 0.14666666666666667
0 0.2783333333333333 0.225 0.17333333333333334 0.10833333333333334
0 0.37166666666666665 0.055 0.2683333333333333 0.11
0 0.5591666666666667 0.3308333333333333 0.14166666666666666 0.15833333333333333
0 0.88 0.32083333333333336 0.22 0.24333333333333335
0 0.6866666666666666 0.04666666666666667 0.16666666666666666 0.09333333333333334
0 0.9275 0.0775 0.11833333333333333 0.155