0 0.5475 0.1575 0.185 0.09666666666666666
0 0.30666666666666664 0.18583333333333332 0.14166666666666666 0.07166666666666667
0 0.11083333333333334 0.2075 0.13166666666666665 0.115
0 0.165 0.4525 0.09333333333333334 0.065
0 0.03333333333333333 0.4791666666666667 0.06333333333333334 0.045
0 0.06333333333333334 0.8258333333333333 0.09833333333333333 0.09666666666666666
0 0.20916666666666667 0.8041666666666667 0.12333333333333334 0.05333333333333334
0 0.3983333333333333 0.7641666666666667 0.14 0.07833333333333334
0 0.5925 0.9691666666666666 0.14333333333333334 0.06166666666666667
0 0.77 0.9408333333333333 0.14333333333333334 0.07
0 0.9 0.6683333333333333 0.12166666666666667 0.10833333333333334
0 0.7333333333333333 0.6891666666666667 0.12166666666666667 0.13333333333333333
0 0.66 0.3591666666666667 0.13 0.06666666666666667
0 0.8566666666666667 0.3283333333333333 0.1 0.056666666666666664
0 0.8066666666666666 0.06916666666666667 0.095 0.08
0 0.9325 0.07416666666666667 0.095 0.08333333333333333