0 0.9683333333333334 0.11083333333333334 0.06333333333333334 0.095
0 0.5658333333333333 0.2025 0.095 0.095
0 0.6658333333333334 0.18833333333333332 0.09333333333333334 0.06666666666666667
0 0.8608333333333333 0.15083333333333335 0.105 0.06833333333333333
0 0.7775 0.095 0.06666666666666667 0.06333333333333334
0 0.6925 0.049166666666666664 0.04666666666666667 0.051666666666666666
0 0.3225 0.24833333333333332 0.12333333333333334 0.125
0 0.08083333333333333 0.4216666666666667 0.15833333333333333 0.095
0 0.16583333333333333 0.7666666666666667 0.105 0.08333333333333333
0 0.39 0.855 0.15333333333333332 0.13333333333333333
0 0.6083333333333333 0.7425 0.125 0.10833333333333334
0 0.7866666666666666 0.76 0.105 0.08666666666666667
0 0.9525 0.7633333333333333 0.07 0.13333333333333333
0 0.020833333333333332 0.9266666666666666 0.041666666666666664 0.08333333333333333