0 0.555 0.04083333333333333 0.12666666666666668 0.08166666666666667
0 0.7058333333333333 0.17416666666666666 0.07333333333333333 0.045
0 0.5966666666666667 0.3 0.08 0.10666666666666667
0 0.455 0.165 0.09166666666666666 0.11333333333333333
0 0.35 0.27416666666666667 0.125 0.13666666666666666
0 0.5033333333333333 0.405 0.08833333333333333 0.09833333333333333
0 0.2725 0.4025 0.07833333333333334 0.09333333333333334
0 0.44333333333333336 0.535 0.08333333333333333 0.07666666666666666
0 0.8883333333333333 0.6208333333333333 0.14 0.11666666666666667
0 0.775 0.8616666666666667 0.08166666666666667 0.07333333333333333
0 0.4241666666666667 0.7 0.07 0.10833333333333334
0 0.31583333333333335 0.8141666666666667 0.09333333333333334 0.09666666666666666
0 0.175 0.7875 0.1 0.09
0 0.0775 0.6608333333333334 0.075 0.11
0 0.17583333333333334 0.5241666666666667 0.10166666666666667 0.10333333333333333