0 0.6675 0.18416666666666667 0.22666666666666666 0.12
0 0.4216666666666667 0.13333333333333333 0.215 0.10166666666666667
0 0.15333333333333332 0.0575 0.21333333333333335 0.115
0 0.10583333333333333 0.2525 0.205 0.12833333333333333
0 0.36333333333333334 0.32 0.18 0.085
0 0.6116666666666667 0.4091666666666667 0.205 0.08833333333333333
0 0.08333333333333333 0.44666666666666666 0.16666666666666666 0.09833333333333333
0 0.36666666666666664 0.54 0.195 0.14833333333333334
0 0.4216666666666667 0.7116666666666667 0.15333333333333332 0.14333333333333334
0 0.7433333333333333 0.6441666666666667 0.33666666666666667 0.2683333333333333
0 0.6133333333333333 0.8341666666666666 0.195 0.07666666666666666
0 0.1875 0.9066666666666666 0.2783333333333333 0.15666666666666668
0 0.8766666666666667 0.8983333333333333 0.20333333333333334 0.095
0 0.44583333333333336 0.9558333333333333 0.22166666666666668 0.08833333333333333
0 0.7866666666666666 0.0475 0.16 0.08833333333333333