0 0.955 0.545 0.09 0.12
0 0.8841666666666667 0.19083333333333333 0.14833333333333334 0.13333333333333333
0 0.7391666666666666 0.21 0.14666666666666667 0.125
0 0.7933333333333333 0.57 0.125 0.12333333333333334
0 0.6308333333333334 0.6016666666666667 0.10333333333333333 0.145
0 0.44333333333333336 0.6566666666666666 0.14 0.13333333333333333
0 0.13666666666666666 0.6841666666666667 0.16166666666666665 0.10833333333333334
0 0.1325 0.07416666666666667 0.11166666666666666 0.051666666666666666
0 0.2783333333333333 0.04583333333333333 0.13833333333333334 0.051666666666666666
0 0.42916666666666664 0.020833333333333332 0.125 0.041666666666666664
0 0.5783333333333334 0.03833333333333333 0.10333333333333333 0.07666666666666666
0 0.4116666666666667 0.3258333333333333 0.16833333333333333 0.11833333333333333
0 0.25416666666666665 0.31666666666666665 0.11833333333333333 0.12
0 0.5625 0.2425 0.10833333333333334 0.06833333333333333