0 0.25916666666666666 0.8266666666666667 0.13 0.12166666666666667
0 0.2125 0.6741666666666667 0.06666666666666667 0.06666666666666667
0 0.14416666666666667 0.23 0.12166666666666667 0.10666666666666667
0 0.25416666666666665 0.3825 0.125 0.125
0 0.3591666666666667 0.5258333333333334 0.11 0.10333333333333333
0 0.32666666666666666 0.085 0.14833333333333334 0.125
0 0.565 0.03333333333333333 0.11 0.065
0 0.47833333333333333 0.295 0.12 0.11666666666666667
0 0.5966666666666667 0.435 0.145 0.09833333333333333
0 0.45416666666666666 0.6475 0.12 0.13166666666666665
0 0.7433333333333333 0.5675 0.135 0.11833333333333333
0 0.9158333333333334 0.6358333333333334 0.14333333333333334 0.12
0 0.8566666666666667 0.9183333333333333 0.13333333333333333 0.13
0 0.6858333333333333 0.815 0.13166666666666665 0.1
0 0.5566666666666666 0.7516666666666667 0.095 0.095