0 0.8675 0.8533333333333334 0.16333333333333333 0.15166666666666667
0 0.2225 0.9725 0.21833333333333332 0.055
0 0.4066666666666667 0.7508333333333334 0.20333333333333334 0.235
0 0.14166666666666666 0.6375 0.23333333333333334 0.22166666666666668
0 0.24166666666666667 0.2733333333333333 0.23333333333333334 0.22166666666666668
0 0.5533333333333333 0.3416666666666667 0.20333333333333334 0.22166666666666668
0 0.785 0.3725 0.051666666666666666 0.055
0 0.69 0.5841666666666666 0.215 0.22333333333333333
0 0.9633333333333334 0.5333333333333333 0.07333333333333333 0.18333333333333332
0 0.9008333333333334 0.20083333333333334 0.12 0.2
0 0.695 0.06916666666666667 0.24 0.13833333333333334