0 0.0125 0.1475 0.025 0.075
0 0.029166666666666667 0.30916666666666665 0.028333333333333332 0.02666666666666667
0 0.0175 0.4025 0.035 0.115
0 0.24583333333333332 0.2808333333333333 0.05 0.056666666666666664
0 0.20666666666666667 0.3933333333333333 0.07166666666666667 0.06833333333333333
0 0.27 0.4891666666666667 0.058333333333333334 0.06
0 0.2991666666666667 0.6375 0.06666666666666667 0.09833333333333333
0 0.25166666666666665 0.7475 0.06166666666666667 0.07
0 0.25083333333333335 0.9058333333333334 0.075 0.065
0 0.36 0.18166666666666667 0.06833333333333333 0.11666666666666667
0 0.6133333333333333 0.21416666666666667 0.03833333333333333 0.058333333333333334
0 0.7266666666666667 0.3491666666666667 0.05 0.09
0 0.7341666666666666 0.44 0.09333333333333334 0.07166666666666667
0 0.9741666666666666 0.5641666666666667 0.051666666666666666 0.06833333333333333
0 0.7541666666666667 0.5525 0.09 0.075
0 0.6191666666666666 0.61 0.07333333333333333 0.06
0 0.5216666666666666 0.6908333333333333 0.09333333333333334 0.08333333333333333
0 0.4658333333333333 0.7866666666666666 0.09166666666666666 0.085
0 0.6208333333333333 0.96 0.08 0.06333333333333334
0 0.9675 0.6708333333333333 0.065 0.065
0 0.9433333333333334 0.7841666666666667 0.056666666666666664 0.09
0 0.9766666666666667 0.8875 0.04666666666666667 0.075