0 0.91 0.9116666666666666 0.15833333333333333 0.06833333333333333
0 0.78 0.83 0.07166666666666667 0.065
0 0.495 0.7766666666666666 0.10166666666666667 0.08
0 0.3858333333333333 0.77 0.055 0.051666666666666666
0 0.7141666666666666 0.5516666666666666 0.14333333333333334 0.09166666666666666
0 0.8791666666666667 0.4533333333333333 0.15 0.058333333333333334
0 0.875 0.17416666666666666 0.065 0.051666666666666666
0 0.6866666666666666 0.19083333333333333 0.07333333333333333 0.09833333333333333
0 0.23583333333333334 0.31166666666666665 0.09 0.105
0 0.13416666666666666 0.14 0.09166666666666666 0.08333333333333333
0 0.3575 0.5308333333333334 0.075 0.075
0 0.43 0.6333333333333333 0.055 0.06333333333333334
0 0.6791666666666667 0.6716666666666666 0.06 0.051666666666666666