0 0.8725 0.8866666666666667 0.22 0.17333333333333334
0 0.17416666666666666 0.7925 0.23333333333333334 0.16833333333333333
0 0.6233333333333333 0.7441666666666666 0.26166666666666666 0.16666666666666666
0 0.4891666666666667 0.9541666666666667 0.25166666666666665 0.09166666666666666
0 0.3725 0.48333333333333334 0.30666666666666664 0.225
0 0.755 0.4891666666666667 0.23 0.17166666666666666
0 0.1725 0.17166666666666666 0.23166666666666666 0.20333333333333334
0 0.56 0.22083333333333333 0.24333333333333335 0.17
0 0.885 0.20833333333333334 0.23 0.22
0 0.0525 0.4508333333333333 0.09333333333333334 0.18666666666666668
0 0.95 0.6566666666666666 0.09333333333333334 0.15833333333333333
0 0.305 0.0275 0.22666666666666666 0.055
0 0.0325 0.8808333333333334 0.065 0.19166666666666668