0 0.1 0.6133333333333333 0.056666666666666664 0.10833333333333334
0 0.4008333333333333 0.6491666666666667 0.085 0.07166666666666667
0 0.6125 0.6133333333333333 0.07 0.06
0 0.7408333333333333 0.6891666666666667 0.06 0.043333333333333335
0 0.8541666666666666 0.43916666666666665 0.07 0.045
0 0.7283333333333334 0.39416666666666667 0.09333333333333334 0.08
0 0.5 0.3875 0.09333333333333334 0.135
0 0.36833333333333335 0.3175 0.09166666666666666 0.06
0 0.21166666666666667 0.33 0.056666666666666664 0.051666666666666666
0 0.2825 0.18416666666666667 0.07333333333333333 0.075
0 0.1125 0.1275 0.06 0.085
0 0.57 0.03916666666666667 0.105 0.07833333333333334
0 0.7516666666666667 0.0475 0.10333333333333333 0.08833333333333333
0 0.905 0.10166666666666667 0.12833333333333333 0.10833333333333334
0 0.9825 0.17916666666666667 0.035 0.058333333333333334