0 0.92 0.3925 0.07333333333333333 0.06666666666666667
0 0.93 0.475 0.043333333333333335 0.03833333333333333
0 0.8908333333333334 0.5491666666666667 0.08 0.03833333333333333
0 0.7641666666666667 0.545 0.06833333333333333 0.045
0 0.75 0.45916666666666667 0.08166666666666667 0.06
0 0.67 0.23666666666666666 0.056666666666666664 0.055
0 0.7641666666666667 0.2475 0.055 0.06666666666666667
0 0.62 0.8633333333333333 0.056666666666666664 0.06333333333333334
0 0.5483333333333333 0.865 0.043333333333333335 0.09
0 0.47 0.8633333333333333 0.05333333333333334 0.06
0 0.38166666666666665 0.87 0.045 0.07
0 0.08416666666666667 0.8933333333333333 0.07333333333333333 0.058333333333333334
0 0.21666666666666667 0.9575 0.10666666666666667 0.06166666666666667
0 0.23166666666666666 0.8775 0.051666666666666666 0.043333333333333335
0 0.2425 0.7925 0.06833333333333333 0.06166666666666667
0 0.25833333333333336 0.7175 0.065 0.06333333333333334
0 0.23916666666666667 0.5975 0.06333333333333334 0.055
0 0.25166666666666665 0.535 0.06333333333333334 0.03166666666666667
0 0.11333333333333333 0.5166666666666667 0.08 0.06666666666666667
0 0.11166666666666666 0.43833333333333335 0.055 0.058333333333333334
0 0.11333333333333333 0.37166666666666665 0.045 0.03333333333333333
0 0.1 0.0225 0.06666666666666667 0.045
0 0.5625 0.6133333333333333 0.03833333333333333 0.035
0 0.5733333333333334 0.5283333333333333 0.035 0.04666666666666667
0 0.5925 0.3775 0.058333333333333334 0.045
0 0.6016666666666667 0.24 0.03 0.051666666666666666
0 0.5233333333333333 0.24916666666666668 0.03 0.028333333333333332
0 0.44666666666666666 0.2375 0.051666666666666666 0.055
0 0.38 0.23166666666666666 0.018333333333333333 0.03166666666666667
0 0.30416666666666664 0.2325 0.03333333333333333 0.055
0 0.22333333333333333 0.22333333333333333 0.03333333333333333 0.056666666666666664
0 0.16083333333333333 0.22666666666666666 0.04 0.05333333333333334