0 0.17583333333333334 0.19416666666666665 0.14 0.12666666666666668
0 0.5041666666666667 0.17666666666666667 0.13833333333333334 0.155
0 0.6616666666666666 0.3883333333333333 0.125 0.11333333333333333
0 0.8791666666666667 0.4816666666666667 0.11833333333333333 0.18166666666666667
0 0.7208333333333333 0.6133333333333333 0.12333333333333334 0.13666666666666666
0 0.95 0.7566666666666667 0.1 0.15
0 0.7016666666666667 0.9025 0.125 0.145
0 0.5616666666666666 0.9683333333333334 0.12 0.06333333333333334
0 0.25 0.9091666666666667 0.09833333333333333 0.12666666666666668
0 0.4508333333333333 0.8366666666666667 0.09666666666666666 0.1
0 0.46 0.6008333333333333 0.15666666666666668 0.14
0 0.1075 0.5716666666666667 0.135 0.11666666666666667
0 0.07416666666666667 0.7375 0.07833333333333334 0.09166666666666666