0 0.8341666666666666 0.8733333333333333 0.12333333333333334 0.12333333333333334
0 0.6116666666666667 0.97 0.12 0.06
0 0.8533333333333334 0.5183333333333333 0.11666666666666667 0.12333333333333334
0 0.8883333333333333 0.67 0.08333333333333333 0.11
0 0.455 0.5958333333333333 0.17 0.13333333333333333
0 0.45166666666666666 0.8208333333333333 0.12 0.14666666666666667
0 0.34 0.9291666666666667 0.065 0.07166666666666667
0 0.9358333333333333 0.12583333333333332 0.12833333333333333 0.13166666666666665
0 0.8083333333333333 0.15833333333333333 0.13666666666666666 0.11
0 0.6258333333333334 0.21916666666666668 0.115 0.105
0 0.4533333333333333 0.26916666666666667 0.10833333333333334 0.11666666666666667
0 0.28 0.30666666666666664 0.13833333333333334 0.15166666666666667
0 0.08333333333333333 0.36666666666666664 0.15166666666666667 0.145
0 0.2125 0.6408333333333334 0.11166666666666666 0.09666666666666666