0 0.3675 0.8641666666666666 0.19333333333333333 0.17833333333333334
0 0.5691666666666667 0.7933333333333333 0.16666666666666666 0.13666666666666666
0 0.74 0.6983333333333334 0.155 0.15833333333333333
0 0.9491666666666667 0.7375 0.10166666666666667 0.17833333333333334
0 0.9475 0.41083333333333333 0.105 0.125
0 0.735 0.48833333333333334 0.15 0.11
0 0.5191666666666667 0.4791666666666667 0.13 0.11333333333333333
0 0.30333333333333334 0.47833333333333333 0.17666666666666667 0.13833333333333334
0 0.22583333333333333 0.29 0.185 0.18833333333333332
0 0.45916666666666667 0.24 0.19166666666666668 0.14833333333333334
0 0.7083333333333334 0.26416666666666666 0.16166666666666665 0.13333333333333333
0 0.9283333333333333 0.21333333333333335 0.05 0.09
0 0.7016666666666667 0.04416666666666667 0.14666666666666667 0.08833333333333333
0 0.5591666666666667 0.0425 0.14833333333333334 0.085
0 0.42833333333333334 0.03 0.11333333333333333 0.06