0 0.8758333333333334 0.9716666666666667 0.10166666666666667 0.056666666666666664
0 0.49166666666666664 0.805 0.10333333333333333 0.10333333333333333
0 0.585 0.8425 0.09833333333333333 0.075
0 0.7658333333333334 0.9258333333333333 0.11 0.07833333333333334
0 0.6708333333333333 0.96 0.07166666666666667 0.06833333333333333
0 0.5783333333333334 0.9783333333333334 0.05 0.043333333333333335
0 0.26666666666666666 0.7016666666666667 0.13333333333333333 0.135
0 0.07833333333333334 0.475 0.15666666666666668 0.11
0 0.24 0.16 0.11166666666666666 0.09333333333333334
0 0.4791666666666667 0.12916666666666668 0.165 0.14666666666666667
0 0.6641666666666667 0.29083333333333333 0.135 0.11833333333333333
0 0.8416666666666667 0.31666666666666665 0.11166666666666666 0.095
0 0.9808333333333333 0.3541666666666667 0.03833333333333333 0.13833333333333334