0 0.875 0.1325 0.045 0.08
0 0.86 0.6216666666666667 0.085 0.1
0 0.8616666666666667 0.8333333333333334 0.055 0.08833333333333333
0 0.7425 0.6333333333333333 0.04833333333333333 0.06333333333333334
0 0.62 0.36666666666666664 0.06833333333333333 0.08
0 0.6416666666666667 0.1225 0.05333333333333334 0.07166666666666667
0 0.5016666666666667 0.1425 0.05 0.04833333333333333
0 0.5041666666666667 0.375 0.06 0.03833333333333333
0 0.49083333333333334 0.65 0.05333333333333334 0.06333333333333334
0 0.5983333333333334 0.6175 0.06666666666666667 0.11666666666666667
0 0.2708333333333333 0.8158333333333333 0.04833333333333333 0.06833333333333333
0 0.075 0.3475 0.09 0.075
0 0.3 0.13583333333333333 0.051666666666666666 0.04833333333333333
0 0.19916666666666666 0.13916666666666666 0.03833333333333333 0.05333333333333334
0 0.4025 0.365 0.06166666666666667 0.07833333333333334