0 0.2608333333333333 0.1675 0.07333333333333333 0.08166666666666667
0 0.18083333333333335 0.2625 0.09 0.08333333333333333
0 0.10833333333333334 0.37416666666666665 0.095 0.08833333333333333
0 0.0225 0.4691666666666667 0.045 0.07833333333333334
0 0.09666666666666666 0.6366666666666667 0.09333333333333334 0.09166666666666666
0 0.18666666666666668 0.7191666666666666 0.06666666666666667 0.06166666666666667
0 0.035833333333333335 0.7916666666666666 0.06 0.06333333333333334
0 0.19333333333333333 0.8716666666666667 0.095 0.10333333333333333
0 0.15166666666666667 0.013333333333333334 0.10666666666666667 0.02666666666666667
0 0.48583333333333334 0.025833333333333333 0.07166666666666667 0.051666666666666666
0 0.475 0.18833333333333332 0.06833333333333333 0.07333333333333333
0 0.45 0.3775 0.07166666666666667 0.09166666666666666
0 0.45916666666666667 0.5375 0.065 0.115
0 0.45 0.7333333333333333 0.06833333333333333 0.09
0 0.44583333333333336 0.8833333333333333 0.08 0.1
0 0.6075 0.8608333333333333 0.08666666666666667 0.12166666666666667
0 0.7075 0.7491666666666666 0.09 0.11666666666666667
0 0.845 0.8666666666666667 0.1 0.11166666666666666
0 0.9316666666666666 0.7891666666666667 0.07 0.13
0 0.6058333333333333 0.5125 0.09333333333333334 0.10333333333333333
0 0.5908333333333333 0.30833333333333335 0.09833333333333333 0.09833333333333333
0 0.6275 0.1 0.12666666666666668 0.12166666666666667
0 0.8275 0.2525 0.07666666666666666 0.075
0 0.8525 0.14333333333333334 0.1 0.10833333333333334
0 0.9566666666666667 0.245 0.08666666666666667 0.14
0 0.8508333333333333 0.43916666666666665 0.09833333333333333 0.09666666666666666
0 0.9616666666666667 0.5141666666666667 0.065 0.07833333333333334