0 0.3933333333333333 0.20083333333333334 0.13833333333333334 0.13
0 0.3458333333333333 0.4033333333333333 0.115 0.13333333333333333
0 0.6666666666666666 0.19333333333333333 0.11666666666666667 0.105
0 0.9075 0.043333333333333335 0.06166666666666667 0.08666666666666667
0 0.9008333333333334 0.3575 0.09666666666666666 0.13
0 0.9025 0.585 0.14333333333333334 0.13166666666666665
0 0.8958333333333334 0.7708333333333334 0.10333333333333333 0.10666666666666667
0 0.5825 0.6308333333333334 0.12333333333333334 0.11666666666666667
0 0.6225 0.4125 0.115 0.115
0 0.3233333333333333 0.6075 0.12 0.11333333333333333
0 0.14833333333333334 0.5483333333333333 0.051666666666666666 0.058333333333333334
0 0.059166666666666666 0.7125 0.09 0.18166666666666667
0 0.3408333333333333 0.805 0.11 0.105
0 0.5941666666666666 0.8816666666666667 0.12 0.20666666666666667
0 0.35083333333333333 0.9733333333333334 0.09833333333333333 0.05333333333333334