0 0.1125 0.7191666666666666 0.08666666666666667 0.08333333333333333
0 0.029166666666666667 0.41 0.055 0.09166666666666666
0 0.24583333333333332 0.35583333333333333 0.10833333333333334 0.08166666666666667
0 0.29833333333333334 0.7016666666666667 0.08666666666666667 0.05
0 0.4683333333333333 0.6583333333333333 0.08833333333333333 0.08666666666666667
0 0.39416666666666667 0.33916666666666667 0.07333333333333333 0.06
0 0.31916666666666665 0.043333333333333335 0.105 0.08666666666666667
0 0.5458333333333333 0.30666666666666664 0.085 0.08833333333333333
0 0.6233333333333333 0.6225 0.07166666666666667 0.10166666666666667
0 0.7741666666666667 0.5775 0.105 0.08833333333333333
0 0.71 0.26166666666666666 0.12333333333333334 0.09
0 0.8441666666666666 0.20916666666666667 0.09833333333333333 0.1
0 0.945 0.5341666666666667 0.07833333333333334 0.06333333333333334