0 0.9525 0.29083333333333333 0.095 0.135
0 0.9716666666666667 0.7008333333333333 0.045 0.17
0 0.7158333333333333 0.7325 0.11333333333333333 0.1
0 0.44083333333333335 0.7183333333333334 0.17166666666666666 0.115
0 0.5441666666666667 0.6166666666666667 0.06 0.06833333333333333
0 0.7116666666666667 0.2708333333333333 0.1 0.06833333333333333
0 0.5716666666666667 0.31083333333333335 0.055 0.08
0 0.44416666666666665 0.27416666666666667 0.185 0.13
0 0.19833333333333333 0.28833333333333333 0.15166666666666667 0.12333333333333334
0 0.16916666666666666 0.6875 0.16166666666666665 0.15166666666666667
0 0.2683333333333333 0.5183333333333333 0.02666666666666667 0.028333333333333332