0 0.12833333333333333 0.25416666666666665 0.09 0.085
0 0.02666666666666667 0.5566666666666666 0.05333333333333334 0.09333333333333334
0 0.23666666666666666 0.6266666666666667 0.11 0.085
0 0.3125 0.285 0.08666666666666667 0.051666666666666666
0 0.48 0.34 0.09166666666666666 0.09
0 0.38333333333333336 0.6525 0.075 0.06166666666666667
0 0.2875 0.945 0.10833333333333334 0.095
0 0.5316666666666666 0.6958333333333333 0.08666666666666667 0.09166666666666666
0 0.6316666666666667 0.3858333333333333 0.075 0.10333333333333333
0 0.7791666666666667 0.44166666666666665 0.10833333333333334 0.09333333333333334
0 0.6925 0.7525 0.12666666666666668 0.09333333333333334
0 0.8233333333333334 0.8141666666666667 0.10166666666666667 0.10333333333333333
0 0.9458333333333333 0.49666666666666665 0.08 0.06666666666666667