0 0.4083333333333333 0.21916666666666668 0.13 0.14
0 0.6166666666666667 0.09833333333333333 0.08333333333333333 0.12166666666666667
0 0.7841666666666667 0.11833333333333333 0.12333333333333334 0.12833333333333333
0 0.9158333333333334 0.135 0.13666666666666666 0.12166666666666667
0 0.8258333333333333 0.5833333333333334 0.12333333333333334 0.08333333333333333
0 0.8825 0.41083333333333333 0.10166666666666667 0.09666666666666666
0 0.6833333333333333 0.5658333333333333 0.095 0.08166666666666667
0 0.5175 0.5308333333333334 0.07833333333333334 0.135
0 0.37666666666666665 0.5025 0.145 0.09333333333333334
0 0.20666666666666667 0.4741666666666667 0.1 0.09166666666666666
0 0.050833333333333335 0.47333333333333333 0.10166666666666667 0.11666666666666667
0 0.04583333333333333 0.76 0.09166666666666666 0.11333333333333333
0 0.2475 0.8 0.115 0.11333333333333333
0 0.44 0.8641666666666666 0.11666666666666667 0.11666666666666667
0 0.6025 0.8858333333333334 0.11833333333333333 0.105
0 0.7633333333333333 0.9366666666666666 0.12 0.08833333333333333