0 0.7991666666666667 0.8758333333333334 0.07333333333333333 0.08166666666666667
0 0.6625 0.8783333333333333 0.085 0.041666666666666664
0 0.5233333333333333 0.8733333333333333 0.07333333333333333 0.07
0 0.20916666666666667 0.85 0.07166666666666667 0.095
0 0.21 0.5741666666666667 0.1 0.065
0 0.37166666666666665 0.6058333333333333 0.12166666666666667 0.095
0 0.8083333333333333 0.5825 0.10666666666666667 0.09
0 0.8491666666666666 0.7108333333333333 0.07166666666666667 0.09333333333333334
0 0.7766666666666666 0.4033333333333333 0.09166666666666666 0.04833333333333333
0 0.5425 0.3925 0.09666666666666666 0.08666666666666667
0 0.41 0.36916666666666664 0.06666666666666667 0.07
0 0.29333333333333333 0.3541666666666667 0.06166666666666667 0.04666666666666667
0 0.21583333333333332 0.085 0.056666666666666664 0.08666666666666667
0 0.12166666666666667 0.24416666666666667 0.06333333333333334 0.08833333333333333
0 0.5175 0.07 0.09166666666666666 0.06333333333333334