0 0.6166666666666667 0.8908333333333334 0.13833333333333334 0.12666666666666668
0 0.5175 0.8058333333333333 0.095 0.095
0 0.41833333333333333 0.7325 0.10666666666666667 0.12333333333333334
0 0.32083333333333336 0.6725 0.1 0.12
0 0.20833333333333334 0.5733333333333334 0.095 0.11333333333333333
0 0.12083333333333333 0.49583333333333335 0.12833333333333333 0.13666666666666666
0 0.23083333333333333 0.38666666666666666 0.13666666666666666 0.11666666666666667
0 0.32 0.26166666666666666 0.165 0.17333333333333334
0 0.555 0.2833333333333333 0.10833333333333334 0.125
0 0.685 0.21166666666666667 0.14833333333333334 0.14
0 0.8341666666666666 0.16666666666666666 0.165 0.16666666666666666
0 0.8591666666666666 0.5083333333333333 0.11166666666666666 0.105
0 0.7366666666666667 0.6216666666666667 0.10333333333333333 0.10833333333333334
0 0.6491666666666667 0.7141666666666666 0.09666666666666666 0.09666666666666666