0 0.505 0.7216666666666667 0.16166666666666665 0.17166666666666666
0 0.7916666666666666 0.5933333333333334 0.11833333333333333 0.13
0 0.7266666666666667 0.44416666666666665 0.13 0.13
0 0.4691666666666667 0.5741666666666667 0.11333333333333333 0.11333333333333333
0 0.2175 0.6075 0.13 0.10833333333333334
0 0.06333333333333334 0.6866666666666666 0.09166666666666666 0.12833333333333333
0 0.3883333333333333 0.4325 0.145 0.145
0 0.6633333333333333 0.2783333333333333 0.14 0.15666666666666668
0 0.7708333333333334 0.024166666666666666 0.095 0.04833333333333333
0 0.8816666666666667 0.020833333333333332 0.1 0.041666666666666664
0 0.5425 0.10416666666666667 0.16333333333333333 0.15
0 0.3233333333333333 0.18333333333333332 0.17666666666666667 0.16166666666666665
0 0.14333333333333334 0.30583333333333335 0.16666666666666666 0.14