0 0.9733333333333334 0.8783333333333333 0.05333333333333334 0.12333333333333334
0 0.945 0.7425 0.11 0.10833333333333334
0 0.8866666666666667 0.595 0.09833333333333333 0.10333333333333333
0 0.6983333333333334 0.4241666666666667 0.09166666666666666 0.05333333333333334
0 0.5525 0.33 0.10333333333333333 0.10166666666666667
0 0.475 0.125 0.12666666666666668 0.09833333333333333
0 0.44166666666666665 0.8416666666666667 0.09 0.09166666666666666
0 0.33 0.5066666666666667 0.075 0.09
0 0.15083333333333335 0.5083333333333333 0.09333333333333334 0.08833333333333333
0 0.225 0.30583333333333335 0.08666666666666667 0.06833333333333333
0 0.050833333333333335 0.3416666666666667 0.10166666666666667 0.18333333333333332