0 0.6133333333333333 0.30916666666666665 0.15 0.18833333333333332
0 0.42916666666666664 0.2825 0.085 0.12666666666666668
0 0.35583333333333333 0.24916666666666668 0.06 0.07666666666666666
0 0.20083333333333334 0.26166666666666666 0.13166666666666665 0.13
0 0.2325 0.6441666666666667 0.17833333333333334 0.145
0 0.5941666666666666 0.555 0.10333333333333333 0.07666666666666666
0 0.5166666666666667 0.49916666666666665 0.07666666666666666 0.06666666666666667
0 0.6358333333333334 0.7191666666666666 0.16 0.13333333333333333
0 0.9083333333333333 0.6941666666666667 0.11833333333333333 0.115
0 0.9008333333333334 0.865 0.13166666666666665 0.12166666666666667
0 0.9391666666666667 0.49 0.12166666666666667 0.12666666666666668