0 0.043333333333333335 0.8641666666666666 0.08666666666666667 0.10833333333333334
0 0.0575 0.7025 0.09833333333333333 0.12666666666666668
0 0.3233333333333333 0.9383333333333334 0.07333333333333333 0.075
0 0.7825 0.8425 0.06833333333333333 0.08666666666666667
0 0.825 0.66 0.07333333333333333 0.06833333333333333
0 0.6308333333333334 0.64 0.08666666666666667 0.07
0 0.36916666666666664 0.5766666666666667 0.11333333333333333 0.125
0 0.47583333333333333 0.3175 0.08833333333333333 0.095
0 0.7258333333333333 0.31333333333333335 0.10333333333333333 0.07833333333333334
0 0.4708333333333333 0.07666666666666666 0.08166666666666667 0.06833333333333333
0 0.175 0.03166666666666667 0.06333333333333334 0.06333333333333334
0 0.06416666666666666 0.49 0.10166666666666667 0.085