0 0.6241666666666666 0.7383333333333333 0.31333333333333335 0.195
0 0.24416666666666667 0.6675 0.23166666666666666 0.22166666666666668
0 0.21 0.39666666666666667 0.15833333333333333 0.11
0 0.48 0.5066666666666667 0.27 0.18
0 0.7866666666666666 0.5341666666666667 0.135 0.14333333333333334
0 0.2833333333333333 0.22083333333333333 0.17166666666666666 0.105
0 0.37833333333333335 0.0525 0.26666666666666666 0.105
0 0.5625 0.33166666666666667 0.14 0.15666666666666668
0 0.8833333333333333 0.3275 0.21666666666666667 0.24
0 0.6958333333333333 0.0475 0.165 0.095
0 0.9358333333333333 0.08333333333333333 0.11666666666666667 0.15666666666666668