0 0.0875 0.8508333333333333 0.105 0.11333333333333333
0 0.31416666666666665 0.84 0.12666666666666668 0.13333333333333333
0 0.5333333333333333 0.875 0.13333333333333333 0.07833333333333334
0 0.7558333333333334 0.885 0.14333333333333334 0.105
0 0.68 0.545 0.145 0.09166666666666666
0 0.465 0.5133333333333333 0.165 0.08666666666666667
0 0.2841666666666667 0.49333333333333335 0.11166666666666666 0.09666666666666666
0 0.043333333333333335 0.6591666666666667 0.08666666666666667 0.135
0 0.1975 0.0975 0.15666666666666668 0.08833333333333333
0 0.43666666666666665 0.12333333333333334 0.11166666666666666 0.06
0 0.6291666666666667 0.1125 0.125 0.07666666666666666
0 0.8025 0.14 0.06833333333333333 0.056666666666666664