0 0.08333333333333333 0.034166666666666665 0.07333333333333333 0.06833333333333333
0 0.16666666666666666 0.5933333333333334 0.095 0.09666666666666666
0 0.18833333333333332 0.7066666666666667 0.07 0.085
0 0.3458333333333333 0.8516666666666667 0.13833333333333334 0.08666666666666667
0 0.5533333333333333 0.9125 0.09333333333333334 0.09166666666666666
0 0.5341666666666667 0.7883333333333333 0.09666666666666666 0.11166666666666666
0 0.4725 0.4741666666666667 0.11333333333333333 0.21666666666666667
0 0.44916666666666666 0.2625 0.08 0.10333333333333333
0 0.6991666666666667 0.16416666666666666 0.1 0.12333333333333334
0 0.6958333333333333 0.31666666666666665 0.1 0.12333333333333334
0 0.705 0.4691666666666667 0.08333333333333333 0.10666666666666667
0 0.725 0.5933333333333334 0.09333333333333334 0.08666666666666667
0 0.7975 0.83 0.12833333333333333 0.20333333333333334
0 0.7983333333333333 0.9866666666666667 0.09333333333333334 0.02666666666666667