0 0.5908333333333333 0.13 0.06 0.06833333333333333
0 0.8258333333333333 0.2841666666666667 0.06666666666666667 0.06
0 0.67 0.6583333333333333 0.1 0.085
0 0.8558333333333333 0.8825 0.08 0.058333333333333334
0 0.47333333333333333 0.37666666666666665 0.065 0.07666666666666666
0 0.38916666666666666 0.58 0.06166666666666667 0.06666666666666667
0 0.49333333333333335 0.8583333333333333 0.10166666666666667 0.105
0 0.21833333333333332 0.6083333333333333 0.10166666666666667 0.09
0 0.028333333333333332 0.5833333333333334 0.056666666666666664 0.07
0 0.10416666666666667 0.7275 0.065 0.09166666666666666
0 0.02 0.8541666666666666 0.04 0.09166666666666666