0 0.7875 0.6916666666666667 0.10333333333333333 0.10333333333333333
0 0.7325 0.7925 0.07666666666666666 0.09
0 0.5375 0.8816666666666667 0.14333333333333334 0.09833333333333333
0 0.32166666666666666 0.8758333333333334 0.1 0.09833333333333333
0 0.37833333333333335 0.7641666666666667 0.10666666666666667 0.12
0 0.5341666666666667 0.4841666666666667 0.13333333333333333 0.22333333333333333
0 0.6216666666666667 0.29 0.08833333333333333 0.10833333333333334
0 0.4141666666666667 0.11916666666666667 0.11166666666666666 0.13
0 0.37083333333333335 0.265 0.11166666666666666 0.13
0 0.315 0.4075 0.09166666666666666 0.11333333333333333
0 0.25666666666666665 0.5191666666666667 0.1 0.095
0 0.115 0.7216666666666667 0.14666666666666667 0.21166666666666667
0 0.06 0.8891666666666667 0.09666666666666666 0.07333333333333333