0 0.8658333333333333 0.19416666666666665 0.06 0.051666666666666666
0 0.7408333333333333 0.20666666666666667 0.075 0.06833333333333333
0 0.8225 0.44 0.08 0.05333333333333334
0 0.6558333333333334 0.4191666666666667 0.06833333333333333 0.08833333333333333
0 0.6241666666666666 0.215 0.06166666666666667 0.06
0 0.54 0.25 0.08666666666666667 0.08
0 0.49333333333333335 0.3616666666666667 0.06 0.05333333333333334
0 0.245 0.24416666666666667 0.1 0.07333333333333333
0 0.355 0.3283333333333333 0.08333333333333333 0.09666666666666666
0 0.135 0.25666666666666665 0.09666666666666666 0.07666666666666666
0 0.015833333333333335 0.28 0.03166666666666667 0.043333333333333335
0 0.019166666666666665 0.43083333333333335 0.03833333333333333 0.045
0 0.09583333333333334 0.43583333333333335 0.08666666666666667 0.06833333333333333
0 0.21333333333333335 0.45 0.07333333333333333 0.06666666666666667
0 0.3075 0.4475 0.09833333333333333 0.09666666666666666
0 0.47833333333333333 0.48083333333333333 0.06666666666666667 0.09333333333333334
0 0.6316666666666667 0.515 0.06333333333333334 0.07833333333333334
0 0.39916666666666667 0.7033333333333334 0.08166666666666667 0.07666666666666666
0 0.44583333333333336 0.595 0.06166666666666667 0.06166666666666667
0 0.58 0.6866666666666666 0.075 0.08666666666666667
0 0.6983333333333334 0.6508333333333334 0.07166666666666667 0.09
0 0.6725 0.7625 0.06833333333333333 0.08166666666666667
0 0.6183333333333333 0.8816666666666667 0.07166666666666667 0.07166666666666667
0 0.495 0.8441666666666666 0.07333333333333333 0.06833333333333333
0 0.39 0.8525 0.08666666666666667 0.07
0 0.28 0.7366666666666667 0.08 0.065
0 0.28583333333333333 0.8608333333333333 0.08666666666666667 0.07
0 0.14916666666666667 0.7358333333333333 0.09166666666666666 0.065
0 0.14 0.865 0.085 0.065
0 0.15333333333333332 0.9883333333333333 0.08333333333333333 0.023333333333333334