0 0.38166666666666665 0.8941666666666667 0.17 0.21166666666666667
0 0.665 0.8091666666666667 0.11833333333333333 0.15333333333333332
0 0.855 0.8425 0.14666666666666667 0.20166666666666666
0 0.795 0.4816666666666667 0.25 0.24333333333333335
0 0.7125 0.14583333333333334 0.305 0.2916666666666667
0 0.35333333333333333 0.43916666666666665 0.15166666666666667 0.12
0 0.23166666666666666 0.5891666666666666 0.07833333333333334 0.10333333333333333
0 0.12583333333333332 0.23916666666666667 0.15 0.19833333333333333
0 0.2916666666666667 0.10583333333333333 0.15666666666666668 0.09
0 0.4583333333333333 0.059166666666666666 0.058333333333333334 0.06333333333333334
0 0.4625 0.12833333333333333 0.04 0.06166666666666667