0 0.3541666666666667 0.86 0.19 0.175
0 0.5591666666666667 0.7958333333333333 0.16333333333333333 0.13166666666666665
0 0.7333333333333333 0.7066666666666667 0.15166666666666667 0.155
0 0.9466666666666667 0.7541666666666667 0.10666666666666667 0.175
0 0.95 0.4266666666666667 0.1 0.12333333333333334
0 0.735 0.49666666666666665 0.14833333333333334 0.105
0 0.52 0.4791666666666667 0.12833333333333333 0.11
0 0.30416666666666664 0.4708333333333333 0.17333333333333334 0.13333333333333333
0 0.23333333333333334 0.2808333333333333 0.18166666666666667 0.18333333333333332
0 0.4683333333333333 0.23916666666666667 0.19 0.14333333333333334
0 0.7158333333333333 0.27166666666666667 0.16 0.12833333333333333
0 0.9383333333333334 0.22916666666666666 0.04666666666666667 0.09
0 0.7191666666666666 0.04583333333333333 0.145 0.09166666666666666
0 0.575 0.0425 0.14666666666666667 0.085
0 0.445 0.028333333333333332 0.11333333333333333 0.056666666666666664