0 0.6091666666666666 0.02666666666666667 0.09166666666666666 0.05333333333333334
0 0.5225 0.1075 0.10666666666666667 0.16833333333333333
0 0.5366666666666666 0.2833333333333333 0.08333333333333333 0.06
0 0.645 0.335 0.06833333333333333 0.058333333333333334
0 0.5616666666666666 0.4033333333333333 0.095 0.135
0 0.18583333333333332 0.42583333333333334 0.11833333333333333 0.20833333333333334
0 0.26416666666666666 0.6733333333333333 0.15333333333333332 0.15666666666666668
0 0.37 0.89 0.12333333333333334 0.11
0 0.3725 0.98 0.09833333333333333 0.04
0 0.6683333333333333 0.5883333333333334 0.17666666666666667 0.13333333333333333
0 0.8075 0.79 0.115 0.15833333333333333
0 0.945 0.9233333333333333 0.11 0.07333333333333333