0 0.7658333333333334 0.7541666666666667 0.09833333333333333 0.10166666666666667
0 0.8033333333333333 0.5858333333333333 0.09166666666666666 0.11333333333333333
0 0.7333333333333333 0.42833333333333334 0.115 0.14166666666666666
0 0.525 0.30666666666666664 0.09166666666666666 0.105
0 0.6791666666666667 0.05416666666666667 0.105 0.08833333333333333
0 0.17416666666666666 0.3675 0.11666666666666667 0.12333333333333334
0 0.07083333333333333 0.5091666666666667 0.14166666666666666 0.185
0 0.17583333333333334 0.16166666666666665 0.04 0.045
0 0.48 0.5708333333333333 0.085 0.115
0 0.43583333333333335 0.7091666666666666 0.09166666666666666 0.095
0 0.30666666666666664 0.7866666666666666 0.09 0.09166666666666666
0 0.18833333333333332 0.8433333333333334 0.11333333333333333 0.10666666666666667