0 0.035833333333333335 0.9683333333333334 0.041666666666666664 0.06166666666666667
0 0.10166666666666667 0.9183333333333333 0.07666666666666666 0.06
0 0.415 0.9416666666666667 0.085 0.058333333333333334
0 0.7533333333333333 0.8808333333333334 0.105 0.10333333333333333
0 0.8983333333333333 0.8558333333333333 0.08333333333333333 0.07166666666666667
0 0.7766666666666666 0.74 0.07833333333333334 0.09833333333333333
0 0.8841666666666667 0.6433333333333333 0.06 0.06166666666666667
0 0.9125 0.42916666666666664 0.08333333333333333 0.095
0 0.7341666666666666 0.44583333333333336 0.09666666666666666 0.08666666666666667
0 0.7433333333333333 0.33 0.065 0.07833333333333334
0 0.9375 0.24083333333333334 0.058333333333333334 0.06
0 0.8458333333333333 0.025833333333333333 0.06 0.045
0 0.6466666666666666 0.09333333333333334 0.043333333333333335 0.09833333333333333
0 0.61 0.2891666666666667 0.07833333333333334 0.051666666666666666
0 0.5033333333333333 0.3358333333333333 0.08666666666666667 0.075
0 0.35583333333333333 0.085 0.06 0.06666666666666667
0 0.09333333333333334 0.0425 0.03 0.041666666666666664
0 0.14333333333333334 0.17833333333333334 0.058333333333333334 0.06333333333333334
0 0.050833333333333335 0.2833333333333333 0.06166666666666667 0.075
0 0.056666666666666664 0.5141666666666667 0.1 0.09333333333333334
0 0.435 0.4666666666666667 0.058333333333333334 0.09333333333333334
0 0.5708333333333333 0.5775 0.08166666666666667 0.075
0 0.505 0.7141666666666666 0.056666666666666664 0.07666666666666666
0 0.4666666666666667 0.8341666666666666 0.045 0.07166666666666667
0 0.3308333333333333 0.6283333333333333 0.06 0.056666666666666664
0 0.21583333333333332 0.7066666666666667 0.05 0.058333333333333334
0 0.19666666666666666 0.8375 0.04666666666666667 0.043333333333333335