0 0.03166666666666667 0.52 0.06333333333333334 0.16333333333333333
0 0.15333333333333332 0.6608333333333334 0.155 0.14833333333333334
0 0.195 0.010833333333333334 0.15333333333333332 0.021666666666666667
0 0.23666666666666666 0.44166666666666665 0.14666666666666667 0.12333333333333334
0 0.3641666666666667 0.2866666666666667 0.12166666666666667 0.10666666666666667
0 0.5 0.1375 0.14666666666666667 0.14333333333333334
0 0.9566666666666667 0.1725 0.08666666666666667 0.07833333333333334
0 0.7 0.3641666666666667 0.15166666666666667 0.14666666666666667
0 0.5791666666666667 0.5108333333333334 0.12833333333333333 0.14
0 0.4425 0.6608333333333334 0.13666666666666666 0.12833333333333333
0 0.91 0.5841666666666666 0.125 0.10333333333333333
0 0.8475 0.9825 0.12166666666666667 0.035