0 0.31083333333333335 0.12 0.13833333333333334 0.12666666666666668
0 0.6316666666666667 0.26916666666666667 0.11666666666666667 0.08833333333333333
0 0.3416666666666667 0.295 0.08166666666666667 0.08833333333333333
0 0.30416666666666664 0.4608333333333333 0.13833333333333334 0.1
0 0.26166666666666666 0.6766666666666666 0.17166666666666666 0.18666666666666668
0 0.034166666666666665 0.3958333333333333 0.06166666666666667 0.115
0 0.7641666666666667 0.4825 0.14833333333333334 0.17
0 0.6175 0.7116666666666667 0.12833333333333333 0.11666666666666667
0 0.9358333333333333 0.8833333333333333 0.06333333333333334 0.11
0 0.8325 0.9675 0.13166666666666665 0.065
0 0.6566666666666666 0.9858333333333333 0.09333333333333334 0.028333333333333332
0 0.245 0.9358333333333333 0.12833333333333333 0.08666666666666667