0 0.805 0.023333333333333334 0.12 0.04666666666666667
0 0.765 0.22916666666666666 0.07 0.07666666666666666
0 0.6141666666666666 0.2825 0.10666666666666667 0.10333333333333333
0 0.3458333333333333 0.47333333333333333 0.09333333333333334 0.095
0 0.29 0.6308333333333334 0.10333333333333333 0.1
0 0.7091666666666666 0.47583333333333333 0.085 0.09166666666666666
0 0.7633333333333333 0.5908333333333333 0.095 0.09
0 0.7633333333333333 0.8466666666666667 0.07666666666666666 0.08333333333333333
0 0.6225 0.8008333333333333 0.105 0.08666666666666667
0 0.44 0.875 0.065 0.065
0 0.935 0.8241666666666667 0.13 0.09166666666666666
0 0.44083333333333335 0.71 0.105 0.10166666666666667