0 0.8691666666666666 0.03916666666666667 0.10166666666666667 0.07833333333333334
0 0.8858333333333334 0.19416666666666665 0.14333333333333334 0.14333333333333334
0 0.4875 0.14583333333333334 0.085 0.08666666666666667
0 0.5508333333333333 0.26666666666666666 0.09833333333333333 0.08
0 0.8283333333333334 0.26666666666666666 0.075 0.065
0 0.6433333333333333 0.5275 0.11666666666666667 0.11333333333333333
0 0.43 0.49 0.09666666666666666 0.09166666666666666
0 0.38166666666666665 0.6633333333333333 0.06666666666666667 0.06333333333333334
0 0.23916666666666667 0.5366666666666666 0.085 0.09166666666666666
0 0.22 0.9033333333333333 0.10166666666666667 0.105
0 0.20833333333333334 0.9841666666666666 0.1 0.03166666666666667