0 0.024166666666666666 0.4091666666666667 0.04833333333333333 0.065
0 0.15 0.5166666666666667 0.12 0.10666666666666667
0 0.285 0.6166666666666667 0.056666666666666664 0.08
0 0.33916666666666667 0.7433333333333333 0.10666666666666667 0.09666666666666666
0 0.45666666666666667 0.7591666666666667 0.09666666666666666 0.11333333333333333
0 0.4633333333333333 0.9633333333333334 0.11 0.07333333333333333
0 0.7958333333333333 0.9758333333333333 0.09833333333333333 0.04833333333333333
0 0.6641666666666667 0.8858333333333334 0.06333333333333334 0.07166666666666667
0 0.9083333333333333 0.8208333333333333 0.06166666666666667 0.08
0 0.8225 0.7483333333333333 0.10166666666666667 0.10166666666666667
0 0.76 0.5325 0.10166666666666667 0.09666666666666666
0 0.47583333333333333 0.3858333333333333 0.14166666666666666 0.11666666666666667
0 0.67 0.41 0.07333333333333333 0.10166666666666667
0 0.985 0.5033333333333333 0.03 0.09333333333333334
0 0.38333333333333336 0.125 0.16 0.13833333333333334
0 0.6966666666666667 0.09666666666666666 0.185 0.14833333333333334