0 0.9208333333333333 0.19 0.10666666666666667 0.10333333333333333
0 0.7625 0.17916666666666667 0.095 0.09666666666666666
0 0.6408333333333334 0.24333333333333335 0.10833333333333334 0.09333333333333334
0 0.5166666666666667 0.3575 0.11166666666666666 0.12
0 0.8025 0.5966666666666667 0.10333333333333333 0.08666666666666667
0 0.6766666666666666 0.6733333333333333 0.115 0.08333333333333333
0 0.5458333333333333 0.7508333333333334 0.11666666666666667 0.19333333333333333
0 0.39416666666666667 0.795 0.115 0.145
0 0.39 0.355 0.09833333333333333 0.215
0 0.2708333333333333 0.4191666666666667 0.07333333333333333 0.07666666666666666
0 0.27166666666666667 0.8166666666666667 0.08166666666666667 0.09166666666666666
0 0.15166666666666667 0.9041666666666667 0.085 0.08833333333333333
0 0.12666666666666668 0.4675 0.10666666666666667 0.13833333333333334