0 0.7116666666666667 0.15333333333333332 0.13333333333333333 0.12333333333333334
0 0.7716666666666666 0.3016666666666667 0.06833333333333333 0.06833333333333333
0 0.8783333333333333 0.7383333333333333 0.12333333333333334 0.10833333333333334
0 0.755 0.5958333333333333 0.12666666666666668 0.12666666666666668
0 0.6383333333333333 0.46166666666666667 0.11166666666666666 0.105
0 0.7091666666666666 0.8983333333333333 0.15 0.12833333333333333
0 0.47583333333333333 0.9683333333333334 0.11166666666666666 0.06333333333333334
0 0.5391666666666667 0.7025 0.12166666666666667 0.11833333333333333
0 0.4091666666666667 0.5725 0.14666666666666667 0.1
0 0.5333333333333333 0.3491666666666667 0.12333333333333334 0.13333333333333333
0 0.25166666666666665 0.45416666666666666 0.13666666666666666 0.12166666666666667
0 0.07416666666666667 0.4008333333333333 0.145 0.12166666666666667
0 0.1075 0.11416666666666667 0.135 0.13166666666666665
0 0.2875 0.2025 0.13333333333333333 0.10166666666666667
0 0.4216666666666667 0.25416666666666665 0.09666666666666666 0.09666666666666666