0 0.12416666666666666 0.5225 0.12166666666666667 0.15
0 0.03666666666666667 0.775 0.07333333333333333 0.12666666666666668
0 0.3225 0.7641666666666667 0.12 0.10666666666666667
0 0.455 0.48333333333333334 0.125 0.12833333333333333
0 0.5975 0.2966666666666667 0.10666666666666667 0.12
0 0.7025 0.1075 0.13 0.14666666666666667
0 0.5475 0.8208333333333333 0.07166666666666667 0.1
0 0.86 0.9658333333333333 0.1 0.06833333333333333
0 0.6416666666666667 0.6058333333333333 0.14666666666666667 0.145
0 0.8183333333333334 0.4425 0.11333333333333333 0.11666666666666667
0 0.965 0.5125 0.07 0.13833333333333334
0 0.9058333333333334 0.25333333333333335 0.13166666666666665 0.12
0 0.945 0.12666666666666668 0.11 0.09333333333333334