0 0.8366666666666667 0.8291666666666667 0.11166666666666666 0.10166666666666667
0 0.7158333333333333 0.795 0.09833333333333333 0.095
0 0.5833333333333334 0.805 0.095 0.06333333333333334
0 0.4275 0.8041666666666667 0.11666666666666667 0.095
0 0.22833333333333333 0.8458333333333333 0.08166666666666667 0.09
0 0.2225 0.6616666666666666 0.08166666666666667 0.105
0 0.20583333333333334 0.5216666666666666 0.06166666666666667 0.06333333333333334
0 0.4633333333333333 0.65 0.08 0.11666666666666667
0 0.9725 0.64 0.03833333333333333 0.06333333333333334
0 0.93 0.5591666666666667 0.08666666666666667 0.08333333333333333
0 0.8083333333333333 0.47333333333333333 0.09833333333333333 0.11333333333333333
0 0.7658333333333334 0.3475 0.11 0.125
0 0.69 0.21916666666666668 0.11 0.10333333333333333
0 0.4841666666666667 0.3025 0.11666666666666667 0.235
0 0.4925 0.085 0.09666666666666666 0.095
0 0.2658333333333333 0.028333333333333332 0.10833333333333334 0.056666666666666664
0 0.1275 0.04416666666666667 0.07166666666666667 0.08833333333333333
0 0.17416666666666666 0.1825 0.105 0.07
0 0.27 0.30416666666666664 0.08333333333333333 0.11833333333333333