0 0.8916666666666667 0.15666666666666668 0.11666666666666667 0.11333333333333333
0 0.6733333333333333 0.20833333333333334 0.12833333333333333 0.08333333333333333
0 0.43333333333333335 0.14916666666666667 0.13 0.08
0 0.19833333333333333 0.13666666666666666 0.14 0.07
0 0.19333333333333333 0.46416666666666667 0.11666666666666667 0.1
0 0.45916666666666667 0.4791666666666667 0.12 0.075
0 0.3825 0.8075 0.105 0.06
0 0.03833333333333333 0.7825 0.06833333333333333 0.10333333333333333
0 0.7508333333333334 0.7391666666666666 0.10666666666666667 0.12
0 0.9858333333333333 0.7533333333333333 0.028333333333333332 0.07666666666666666
0 0.7175 0.5016666666666667 0.10666666666666667 0.1
0 0.9383333333333334 0.4816666666666667 0.12333333333333334 0.07166666666666667