0 0.7133333333333334 0.8966666666666666 0.22666666666666666 0.12333333333333334
0 0.8875 0.7483333333333333 0.06666666666666667 0.07666666666666666
0 0.9108333333333334 0.4666666666666667 0.13166666666666665 0.125
0 0.6533333333333333 0.5533333333333333 0.06 0.05333333333333334
0 0.7325 0.3358333333333333 0.16 0.125
0 0.5908333333333333 0.17333333333333334 0.12666666666666668 0.13166666666666665
0 0.4191666666666667 0.04833333333333333 0.12 0.09
0 0.12166666666666667 0.2525 0.03833333333333333 0.028333333333333332
0 0.0875 0.20666666666666667 0.045 0.03833333333333333
0 0.06666666666666667 0.5233333333333333 0.13166666666666665 0.14333333333333334
0 0.23416666666666666 0.66 0.15666666666666668 0.17666666666666667
0 0.41083333333333333 0.8041666666666667 0.17 0.13333333333333333