0 0.4475 0.14916666666666667 0.14 0.13833333333333334
0 0.3433333333333333 0.2875 0.105 0.12833333333333333
0 0.235 0.425 0.13833333333333334 0.15833333333333333
0 0.115 0.5558333333333333 0.14666666666666667 0.16666666666666666
0 0.04583333333333333 0.6741666666666667 0.06 0.085
0 0.1075 0.9733333333333334 0.08166666666666667 0.05333333333333334
0 0.3025 0.7841666666666667 0.175 0.17
0 0.45916666666666667 0.8941666666666667 0.175 0.14333333333333334
0 0.6533333333333333 0.8375 0.15 0.14333333333333334
0 0.6983333333333334 0.6208333333333333 0.14833333333333334 0.15666666666666668
0 0.5666666666666667 0.49 0.16333333333333333 0.16833333333333333
0 0.8166666666666667 0.34 0.16833333333333333 0.16333333333333333