0 0.12 0.6633333333333333 0.095 0.11666666666666667
0 0.13666666666666666 0.5041666666666667 0.09333333333333334 0.09666666666666666
0 0.36833333333333335 0.5708333333333333 0.10833333333333334 0.08833333333333333
0 0.3408333333333333 0.4225 0.08833333333333333 0.115
0 0.029166666666666667 0.21916666666666668 0.058333333333333334 0.08833333333333333
0 0.12333333333333334 0.19416666666666665 0.09666666666666666 0.09
0 0.24916666666666668 0.17666666666666667 0.09166666666666666 0.085
0 0.3725 0.115 0.09666666666666666 0.095
0 0.5633333333333334 0.08416666666666667 0.10166666666666667 0.07333333333333333
0 0.5475 0.3416666666666667 0.085 0.07166666666666667
0 0.6158333333333333 0.48833333333333334 0.08833333333333333 0.08666666666666667
0 0.67 0.6583333333333333 0.12333333333333334 0.085
0 0.7308333333333333 0.8408333333333333 0.09 0.08
0 0.9133333333333333 0.9416666666666667 0.09666666666666666 0.06333333333333334
0 0.79 0.9691666666666666 0.13333333333333333 0.03166666666666667
0 0.92 0.6225 0.1 0.11
0 0.8525 0.44583333333333336 0.06333333333333334 0.09166666666666666
0 0.8641666666666666 0.2825 0.08166666666666667 0.105
0 0.785 0.11416666666666667 0.08333333333333333 0.10833333333333334