0 0.69 0.06333333333333334 0.10166666666666667 0.08666666666666667
0 0.8658333333333333 0.17583333333333334 0.09333333333333334 0.13166666666666665
0 0.6741666666666667 0.2991666666666667 0.1 0.09333333333333334
0 0.4558333333333333 0.3425 0.075 0.085
0 0.33416666666666667 0.4025 0.08166666666666667 0.08166666666666667
0 0.08 0.45416666666666666 0.095 0.09833333333333333
0 0.19666666666666666 0.6266666666666667 0.10166666666666667 0.085
0 0.895 0.6133333333333333 0.12166666666666667 0.09
0 0.8925 0.44416666666666665 0.03166666666666667 0.028333333333333332
0 0.7241666666666666 0.6516666666666666 0.09666666666666666 0.07833333333333334
0 0.6141666666666666 0.7408333333333333 0.08166666666666667 0.10833333333333334
0 0.46416666666666667 0.8 0.12 0.105
0 0.275 0.9033333333333333 0.09 0.08666666666666667