0 0.1975 0.22416666666666665 0.065 0.075
0 0.13833333333333334 0.3333333333333333 0.08166666666666667 0.07333333333333333
0 0.09083333333333334 0.4583333333333333 0.085 0.07833333333333334
0 0.023333333333333334 0.57 0.043333333333333335 0.07333333333333333
0 0.13416666666666666 0.7175 0.08333333333333333 0.08166666666666667
0 0.23916666666666667 0.7791666666666667 0.06 0.05333333333333334
0 0.10666666666666667 0.8816666666666667 0.05333333333333334 0.058333333333333334
0 0.27666666666666667 0.9266666666666666 0.08333333333333333 0.09333333333333334
0 0.050833333333333335 0.059166666666666666 0.09666666666666666 0.09166666666666666
0 0.38666666666666666 0.03166666666666667 0.06333333333333334 0.058333333333333334
0 0.41083333333333333 0.2 0.06 0.06666666666666667
0 0.42583333333333334 0.39 0.06 0.085
0 0.4675 0.545 0.051666666666666666 0.11
0 0.49916666666666665 0.7391666666666666 0.058333333333333334 0.08333333333333333
0 0.5266666666666666 0.8858333333333334 0.07 0.09166666666666666
0 0.68 0.8308333333333333 0.07166666666666667 0.11333333333333333
0 0.755 0.7008333333333333 0.07666666666666666 0.10833333333333334
0 0.9141666666666667 0.7866666666666666 0.08833333333333333 0.10166666666666667
0 0.9775 0.6925 0.045 0.125
0 0.6066666666666667 0.49 0.08166666666666667 0.095
0 0.5483333333333333 0.29333333333333333 0.08833333333333333 0.08833333333333333
0 0.5408333333333334 0.08166666666666667 0.11333333333333333 0.10833333333333334
0 0.7691666666666667 0.19 0.06833333333333333 0.06666666666666667
0 0.77 0.07833333333333334 0.08833333333333333 0.09833333333333333
0 0.9066666666666666 0.15333333333333332 0.09333333333333334 0.13
0 0.9475 0.0425 0.07666666666666666 0.08166666666666667
0 0.8308333333333333 0.3675 0.08833333333333333 0.08666666666666667
0 0.9541666666666667 0.4175 0.056666666666666664 0.07166666666666667
0 0.9766666666666667 0.24916666666666668 0.03333333333333333 0.10333333333333333