0 0.7625 0.72 0.17166666666666666 0.10166666666666667
0 0.9391666666666667 0.6508333333333334 0.12166666666666667 0.20833333333333334
0 0.9591666666666666 0.3908333333333333 0.06833333333333333 0.058333333333333334
0 0.8516666666666667 0.265 0.06 0.05333333333333334
0 0.6108333333333333 0.24083333333333334 0.16666666666666666 0.10333333333333333
0 0.3308333333333333 0.2758333333333333 0.135 0.1
0 0.06416666666666666 0.3258333333333333 0.12833333333333333 0.12166666666666667
0 0.0925 0.7933333333333333 0.12666666666666668 0.08666666666666667
0 0.26166666666666666 0.7783333333333333 0.12833333333333333 0.04833333333333333
0 0.041666666666666664 0.6725 0.051666666666666666 0.041666666666666664
0 0.7208333333333333 0.3308333333333333 0.07666666666666666 0.055