0 0.8458333333333333 0.8716666666666667 0.03 0.028333333333333332
0 0.9108333333333334 0.7991666666666667 0.07666666666666666 0.11666666666666667
0 0.6375 0.8058333333333333 0.05333333333333334 0.058333333333333334
0 0.7208333333333333 0.7208333333333333 0.075 0.07166666666666667
0 0.7033333333333334 0.6066666666666667 0.06166666666666667 0.06333333333333334
0 0.74 0.46 0.07333333333333333 0.10166666666666667
0 0.83 0.38083333333333336 0.06666666666666667 0.07333333333333333
0 0.8975 0.2375 0.07833333333333334 0.07
0 0.4925 0.8483333333333334 0.07666666666666666 0.12
0 0.27666666666666667 0.7116666666666667 0.041666666666666664 0.06
0 0.23083333333333333 0.5408333333333334 0.055 0.09166666666666666
0 0.2625 0.455 0.09666666666666666 0.07833333333333334
0 0.08833333333333333 0.23583333333333334 0.07666666666666666 0.07333333333333333
0 0.2916666666666667 0.345 0.09333333333333334 0.08166666666666667
0 0.43833333333333335 0.3491666666666667 0.07666666666666666 0.065
0 0.5608333333333333 0.3175 0.09833333333333333 0.09
0 0.6525 0.255 0.09666666666666666 0.09166666666666666
0 0.585 0.0325 0.08333333333333333 0.065
0 0.145 0.14583333333333334 0.075 0.06833333333333333
0 0.21833333333333332 0.05583333333333333 0.06333333333333334 0.09166666666666666