0 0.8475 0.8616666666666667 0.12 0.12
0 0.6275 0.9691666666666666 0.11833333333333333 0.06166666666666667
0 0.8541666666666666 0.5058333333333334 0.11333333333333333 0.12166666666666667
0 0.8941666666666667 0.6566666666666666 0.08 0.10833333333333334
0 0.4583333333333333 0.5975 0.16666666666666666 0.12833333333333333
0 0.4625 0.8225 0.11666666666666667 0.14333333333333334
0 0.355 0.9341666666666667 0.06333333333333334 0.07
0 0.93 0.11 0.14 0.12666666666666668
0 0.7958333333333333 0.1475 0.13333333333333333 0.105
0 0.6166666666666667 0.215 0.11333333333333333 0.10333333333333333
0 0.445 0.2708333333333333 0.105 0.11333333333333333
0 0.2733333333333333 0.315 0.13333333333333333 0.14833333333333334
0 0.07916666666666666 0.38083333333333336 0.14833333333333334 0.14
0 0.2175 0.6508333333333334 0.11 0.09333333333333334