0 0.61 0.865 0.06333333333333334 0.07
0 0.8366666666666667 0.6983333333333334 0.06833333333333333 0.06333333333333334
0 0.6616666666666666 0.3333333333333333 0.105 0.09
0 0.835 0.1 0.08333333333333333 0.06333333333333334
0 0.48 0.625 0.06833333333333333 0.08
0 0.385 0.42583333333333334 0.065 0.06833333333333333
0 0.4741666666666667 0.1425 0.10666666666666667 0.10833333333333334
0 0.21333333333333335 0.4066666666666667 0.105 0.09333333333333334
0 0.0275 0.44 0.055 0.07333333333333333
0 0.09333333333333334 0.29333333333333333 0.07 0.09333333333333334
0 0.0125 0.1725 0.025 0.095