0 0.4775 0.6875 0.13666666666666666 0.10166666666666667
0 0.315 0.6983333333333334 0.09833333333333333 0.13
0 0.7783333333333333 0.6725 0.1 0.058333333333333334
0 0.8066666666666666 0.9258333333333333 0.1 0.09
0 0.9575 0.6333333333333333 0.085 0.09
0 0.6708333333333333 0.7283333333333334 0.065 0.04833333333333333
0 0.32666666666666666 0.20416666666666666 0.16666666666666666 0.135
0 0.6083333333333333 0.23666666666666666 0.17333333333333334 0.10166666666666667
0 0.8575 0.2775 0.06833333333333333 0.04833333333333333
0 0.86 0.019166666666666665 0.07 0.03833333333333333
0 0.10833333333333334 0.17166666666666666 0.13333333333333333 0.09833333333333333
0 0.05416666666666667 0.6425 0.09333333333333334 0.11333333333333333