0 0.7516666666666667 0.255 0.12 0.13
0 0.4791666666666667 0.16083333333333333 0.20166666666666666 0.15
0 0.25666666666666665 0.11666666666666667 0.16166666666666665 0.12333333333333334
0 0.0675 0.13416666666666666 0.135 0.10833333333333334
0 0.19166666666666668 0.4825 0.17 0.10333333333333333
0 0.37833333333333335 0.49416666666666664 0.15666666666666668 0.11833333333333333
0 0.6425 0.6266666666666667 0.14333333333333334 0.10833333333333334
0 0.5933333333333334 0.8441666666666666 0.15 0.11833333333333333
0 0.235 0.7783333333333333 0.16 0.13833333333333334
0 0.06666666666666667 0.7375 0.07666666666666666 0.09
0 0.7141666666666666 0.01 0.175 0.02