0 0.9016666666666666 0.68 0.12 0.08833333333333333
0 0.9083333333333333 0.5383333333333333 0.058333333333333334 0.10166666666666667
0 0.895 0.4 0.10833333333333334 0.1
0 0.6625 0.7775 0.08166666666666667 0.085
0 0.49 0.595 0.045 0.07666666666666666
0 0.43 0.275 0.06666666666666667 0.08833333333333333
0 0.21833333333333332 0.29 0.06666666666666667 0.07166666666666667
0 0.2991666666666667 0.8366666666666667 0.09333333333333334 0.06166666666666667
0 0.1625 0.8358333333333333 0.09 0.07666666666666666
0 0.145 0.6633333333333333 0.07 0.09333333333333334
0 0.07666666666666666 0.36583333333333334 0.08166666666666667 0.058333333333333334
0 0.7133333333333334 0.19166666666666668 0.07833333333333334 0.11