0 0.9058333333333334 0.3275 0.13333333333333333 0.10166666666666667
0 0.7108333333333333 0.6316666666666667 0.17333333333333334 0.135
0 0.8208333333333333 0.6883333333333334 0.04666666666666667 0.06833333333333333
0 0.5508333333333333 0.6891666666666667 0.1 0.10833333333333334
0 0.4583333333333333 0.8541666666666666 0.145 0.145
0 0.2975 0.9791666666666666 0.085 0.041666666666666664
0 0.06916666666666667 0.5483333333333333 0.13833333333333334 0.15666666666666668
0 0.28 0.4825 0.15 0.12
0 0.405 0.37416666666666665 0.13666666666666666 0.11333333333333333
0 0.3525 0.165 0.14333333333333334 0.12833333333333333
0 0.20833333333333334 0.07916666666666666 0.09833333333333333 0.06333333333333334
0 0.5483333333333333 0.06 0.11333333333333333 0.08666666666666667
0 0.5691666666666667 0.22083333333333333 0.06333333333333334 0.07333333333333333