0 0.9075 0.855 0.11 0.09333333333333334
0 0.7783333333333333 0.8825 0.085 0.07
0 0.635 0.885 0.085 0.07166666666666667
0 0.485 0.9558333333333333 0.08333333333333333 0.08833333333333333
0 0.2525 0.965 0.115 0.07
0 0.2475 0.8483333333333334 0.085 0.07333333333333333
0 0.1825 0.7316666666666667 0.08 0.08833333333333333
0 0.16416666666666666 0.5975 0.1 0.08833333333333333
0 0.6141666666666666 0.645 0.1 0.13666666666666666
0 0.45666666666666667 0.6833333333333333 0.11666666666666667 0.085
0 0.48583333333333334 0.4533333333333333 0.13666666666666666 0.10833333333333334
0 0.8725 0.525 0.09333333333333334 0.16166666666666665
0 0.9708333333333333 0.6108333333333333 0.058333333333333334 0.12833333333333333
0 0.9783333333333334 0.45166666666666666 0.043333333333333335 0.08
0 0.8816666666666667 0.185 0.09166666666666666 0.07
0 0.7316666666666667 0.155 0.09833333333333333 0.11833333333333333
0 0.5833333333333334 0.14 0.14666666666666667 0.12166666666666667
0 0.4191666666666667 0.12 0.10166666666666667 0.075
0 0.26916666666666667 0.08 0.12666666666666668 0.09833333333333333
0 0.015 0.105 0.03 0.07
0 0.019166666666666665 0.2875 0.03833333333333333 0.07166666666666667
0 0.155 0.32083333333333336 0.08333333333333333 0.10166666666666667
0 0.3325 0.3466666666666667 0.09333333333333334 0.07666666666666666