0 0.8675 0.9558333333333333 0.08166666666666667 0.08833333333333333
0 0.8858333333333334 0.7966666666666666 0.07833333333333334 0.11333333333333333
0 0.5733333333333334 0.9675 0.06333333333333334 0.065
0 0.15916666666666668 0.96 0.06833333333333333 0.07
0 0.14833333333333334 0.77 0.055 0.07833333333333334
0 0.14666666666666667 0.5825 0.06333333333333334 0.058333333333333334
0 0.3416666666666667 0.6066666666666667 0.07833333333333334 0.056666666666666664
0 0.61 0.6041666666666666 0.095 0.11
0 0.565 0.3275 0.07333333333333333 0.08166666666666667
0 0.3225 0.26666666666666666 0.095 0.06166666666666667
0 0.6233333333333333 0.09416666666666666 0.07333333333333333 0.055
0 0.9241666666666667 0.10833333333333334 0.05 0.07333333333333333
0 0.9275 0.5883333333333334 0.09 0.07