0 0.24666666666666667 0.34833333333333333 0.09666666666666666 0.11166666666666666
0 0.3466666666666667 0.18583333333333332 0.09 0.07
0 0.19583333333333333 0.5958333333333333 0.11833333333333333 0.10833333333333334
0 0.06583333333333333 0.6375 0.09 0.085
0 0.16166666666666665 0.7841666666666667 0.13833333333333334 0.10833333333333334
0 0.13166666666666665 0.9575 0.12666666666666668 0.085
0 0.49666666666666665 0.9408333333333333 0.11333333333333333 0.11833333333333333
0 0.9166666666666666 0.8825 0.12833333333333333 0.12
0 0.5108333333333334 0.71 0.12666666666666668 0.12166666666666667
0 0.6166666666666667 0.4625 0.085 0.09833333333333333
0 0.6583333333333333 0.2475 0.10833333333333334 0.10833333333333334
0 0.7008333333333333 0.035 0.10166666666666667 0.07