0 0.20416666666666666 0.9833333333333333 0.145 0.03333333333333333
0 0.36583333333333334 0.9241666666666667 0.14 0.10333333333333333
0 0.7683333333333333 0.8675 0.13333333333333333 0.07666666666666666
0 0.9166666666666666 0.77 0.08333333333333333 0.065
0 0.7841666666666667 0.7283333333333334 0.15333333333333332 0.08
0 0.3475 0.8175 0.15333333333333332 0.08166666666666667
0 0.18666666666666668 0.7733333333333333 0.07 0.035
0 0.30916666666666665 0.6133333333333333 0.16 0.09833333333333333
0 0.3233333333333333 0.4866666666666667 0.14 0.07666666666666666
0 0.0475 0.455 0.08666666666666667 0.058333333333333334
0 0.043333333333333335 0.3075 0.08666666666666667 0.08166666666666667
0 0.2808333333333333 0.325 0.15833333333333333 0.075
0 0.24583333333333332 0.19583333333333333 0.14166666666666666 0.09833333333333333
0 0.08666666666666667 0.13916666666666666 0.12666666666666668 0.09333333333333334
0 0.2975 0.03666666666666667 0.115 0.051666666666666666
0 0.7125 0.0175 0.18166666666666667 0.035
0 0.68 0.12166666666666667 0.14333333333333334 0.12833333333333333
0 0.86 0.23666666666666666 0.105 0.08666666666666667
0 0.7366666666666667 0.44666666666666666 0.15 0.095
0 0.7458333333333333 0.6066666666666667 0.10166666666666667 0.08333333333333333