0 0.9008333333333334 0.6016666666666667 0.09666666666666666 0.11666666666666667
0 0.86 0.4475 0.095 0.09833333333333333
0 0.6408333333333334 0.5491666666666667 0.11 0.09
0 0.645 0.3983333333333333 0.09 0.11666666666666667
0 0.9325 0.14833333333333334 0.08333333333333333 0.09
0 0.8241666666666667 0.13916666666666666 0.09833333333333333 0.09
0 0.6975 0.14166666666666666 0.09333333333333334 0.08666666666666667
0 0.5658333333333333 0.1 0.09833333333333333 0.09666666666666666
0 0.3725 0.09916666666666667 0.10333333333333333 0.075
0 0.42833333333333334 0.3516666666666667 0.08666666666666667 0.07333333333333333
0 0.38416666666666666 0.5066666666666667 0.09 0.08833333333333333
0 0.3566666666666667 0.6825 0.125 0.08666666666666667
0 0.325 0.8725 0.09166666666666666 0.08166666666666667
0 0.16083333333333333 0.9841666666666666 0.09833333333333333 0.03166666666666667
0 0.2866666666666667 0.9958333333333333 0.13333333333333333 0.008333333333333333
0 0.10416666666666667 0.6866666666666666 0.10166666666666667 0.11166666666666666
0 0.14333333333333334 0.5016666666666667 0.065 0.09166666666666666
0 0.10583333333333333 0.3416666666666667 0.08333333333333333 0.10666666666666667
0 0.15833333333333333 0.16333333333333333 0.085 0.11