0 0.9333333333333333 0.2625 0.09666666666666666 0.07666666666666666
0 0.8558333333333333 0.18 0.08833333333333333 0.08
0 0.7483333333333333 0.10083333333333333 0.08833333333333333 0.09
0 0.6358333333333334 0.16416666666666666 0.12166666666666667 0.12
0 0.8366666666666667 0.4275 0.09 0.06833333333333333
0 0.7108333333333333 0.36833333333333335 0.09 0.07166666666666667
0 0.4766666666666667 0.25 0.09 0.06833333333333333
0 0.38166666666666665 0.2891666666666667 0.08 0.09
0 0.7766666666666666 0.5983333333333334 0.10666666666666667 0.18
0 0.6083333333333333 0.43833333333333335 0.07333333333333333 0.09166666666666666
0 0.5133333333333333 0.5175 0.08833333333333333 0.10333333333333333
0 0.53 0.63 0.065 0.06833333333333333
0 0.6958333333333333 0.7616666666666667 0.07166666666666667 0.06333333333333334
0 0.2425 0.36666666666666664 0.08333333333333333 0.08
0 0.1475 0.49916666666666665 0.06333333333333334 0.105
0 0.0325 0.815 0.065 0.09666666666666666
0 0.23416666666666666 0.6091666666666666 0.075 0.07666666666666666
0 0.2725 0.6983333333333334 0.07 0.07666666666666666
0 0.37 0.8266666666666667 0.095 0.13
0 0.45666666666666667 0.8858333333333334 0.07333333333333333 0.065
0 0.5475 0.9616666666666667 0.11 0.075