0 0.25583333333333336 0.0125 0.195 0.025
0 0.41833333333333333 0.1125 0.11833333333333333 0.08666666666666667
0 0.5358333333333334 0.055 0.14833333333333334 0.11
0 0.10833333333333334 0.24916666666666668 0.12333333333333334 0.15833333333333333
0 0.19666666666666666 0.3825 0.12166666666666667 0.115
0 0.43833333333333335 0.27 0.14333333333333334 0.125
0 0.5233333333333333 0.42583333333333334 0.13833333333333334 0.16
0 0.7516666666666667 0.4075 0.155 0.13333333333333333
0 0.9275 0.47333333333333333 0.145 0.14666666666666667
0 0.765 0.15666666666666668 0.04833333333333333 0.055
0 0.64 0.5858333333333333 0.16 0.14
0 0.31583333333333335 0.6158333333333333 0.115 0.13333333333333333
0 0.365 0.7725 0.14833333333333334 0.16
0 0.5725 0.9383333333333334 0.185 0.12333333333333334