0 0.07083333333333333 0.8225 0.14166666666666666 0.14166666666666666
0 0.24666666666666667 0.8783333333333333 0.165 0.175
0 0.4425 0.9033333333333333 0.15 0.15
0 0.5958333333333333 0.9141666666666667 0.145 0.12833333333333333
0 0.74 0.9458333333333333 0.11333333333333333 0.10833333333333334
0 0.8216666666666667 0.6058333333333333 0.12833333333333333 0.11
0 0.6741666666666667 0.5816666666666667 0.14 0.08333333333333333
0 0.5025 0.5466666666666666 0.105 0.145
0 0.36583333333333334 0.5283333333333333 0.10666666666666667 0.125
0 0.1875 0.49583333333333335 0.13833333333333334 0.09333333333333334
0 0.20833333333333334 0.38083333333333336 0.06166666666666667 0.051666666666666666
0 0.23666666666666666 0.06833333333333333 0.11333333333333333 0.07
0 0.4325 0.125 0.14833333333333334 0.11166666666666666
0 0.6008333333333333 0.10583333333333333 0.12 0.085
0 0.7533333333333333 0.13166666666666665 0.14333333333333334 0.10833333333333334
0 0.9233333333333333 0.15083333333333335 0.11666666666666667 0.08166666666666667
0 0.9575 0.6333333333333333 0.06166666666666667 0.07166666666666667