0 0.8433333333333334 0.7491666666666666 0.27166666666666667 0.29
0 0.7666666666666667 0.44166666666666665 0.18 0.215
0 0.7941666666666667 0.10333333333333333 0.14166666666666666 0.125
0 0.64 0.16666666666666666 0.13833333333333334 0.145
0 0.4875 0.25916666666666666 0.11 0.10166666666666667
0 0.24583333333333332 0.051666666666666666 0.07666666666666666 0.058333333333333334
0 0.15166666666666667 0.0325 0.13333333333333333 0.065
0 0.31833333333333336 0.30833333333333335 0.145 0.14333333333333334
0 0.15166666666666667 0.44166666666666665 0.115 0.12333333333333334
0 0.035 0.5116666666666667 0.07 0.13
0 0.36 0.6708333333333333 0.18833333333333332 0.17333333333333334
0 0.0225 0.8641666666666666 0.045 0.095