0 0.06666666666666667 0.7641666666666667 0.13333333333333333 0.17166666666666666
0 0.19916666666666666 0.8433333333333334 0.14 0.17833333333333334
0 0.3566666666666667 0.9133333333333333 0.125 0.15666666666666668
0 0.5266666666666666 0.9508333333333333 0.15333333333333332 0.09833333333333333
0 0.8908333333333334 0.7566666666666667 0.16333333333333333 0.15666666666666668
0 0.7283333333333334 0.6958333333333333 0.12333333333333334 0.15666666666666668
0 0.5633333333333334 0.6058333333333333 0.10166666666666667 0.15
0 0.4141666666666667 0.505 0.11333333333333333 0.11833333333333333
0 0.2683333333333333 0.42583333333333334 0.14 0.17
0 0.09666666666666666 0.3225 0.17333333333333334 0.175
0 0.12833333333333333 0.018333333333333333 0.13 0.03666666666666667
0 0.27416666666666667 0.07916666666666666 0.15666666666666668 0.15333333333333332
0 0.435 0.13833333333333334 0.06833333333333333 0.16166666666666665
0 0.5841666666666666 0.25166666666666665 0.10666666666666667 0.14333333333333334
0 0.7375 0.34 0.13166666666666665 0.14166666666666666
0 0.8666666666666667 0.465 0.12166666666666667 0.12833333333333333