0 0.8408333333333333 0.7775 0.12166666666666667 0.09
0 0.8841666666666667 0.6425 0.06 0.10166666666666667
0 0.9075 0.5058333333333334 0.10833333333333334 0.10166666666666667
0 0.585 0.81 0.08333333333333333 0.08666666666666667
0 0.4658333333333333 0.5891666666666666 0.04666666666666667 0.07666666666666666
0 0.49083333333333334 0.26416666666666666 0.06833333333333333 0.08833333333333333
0 0.2825 0.225 0.06833333333333333 0.07166666666666667
0 0.21916666666666668 0.7733333333333333 0.09333333333333334 0.06333333333333334
0 0.0875 0.7366666666666667 0.09166666666666666 0.07666666666666666
0 0.115 0.5658333333333333 0.07166666666666667 0.095
0 0.12583333333333332 0.2608333333333333 0.08333333333333333 0.06
0 0.7858333333333334 0.2575 0.08 0.11