0 0.043333333333333335 0.7475 0.08666666666666667 0.08833333333333333
0 0.06166666666666667 0.6225 0.12333333333333334 0.12833333333333333
0 0.07083333333333333 0.46416666666666667 0.11333333333333333 0.12166666666666667
0 0.31333333333333335 0.675 0.1 0.07666666666666666
0 0.45166666666666666 0.7166666666666667 0.095 0.08833333333333333
0 0.6816666666666666 0.7841666666666667 0.18166666666666667 0.135
0 0.9025 0.8241666666666667 0.10166666666666667 0.135
0 0.9516666666666667 0.43666666666666665 0.09666666666666666 0.17333333333333334
0 0.7541666666666667 0.33916666666666667 0.14666666666666667 0.105
0 0.5358333333333334 0.31916666666666665 0.12166666666666667 0.105
0 0.38 0.33666666666666667 0.13166666666666665 0.12833333333333333
0 0.5716666666666667 0.06 0.26 0.12
0 0.8008333333333333 0.10333333333333333 0.10333333333333333 0.11333333333333333
0 0.9783333333333334 0.15666666666666668 0.043333333333333335 0.13333333333333333