0 0.06833333333333333 0.765 0.13666666666666666 0.17333333333333334
0 0.44083333333333335 0.6875 0.11 0.09333333333333334
0 0.5483333333333333 0.7116666666666667 0.05 0.043333333333333335
0 0.7016666666666667 0.855 0.11333333333333333 0.09166666666666666
0 0.8841666666666667 0.9308333333333333 0.06333333333333334 0.051666666666666666
0 0.8916666666666667 0.5441666666666667 0.115 0.07833333333333334
0 0.655 0.5116666666666667 0.07833333333333334 0.09166666666666666
0 0.49416666666666664 0.4033333333333333 0.07 0.07666666666666666
0 0.41583333333333333 0.45166666666666666 0.04833333333333333 0.07
0 0.3025 0.3825 0.14666666666666667 0.09166666666666666
0 0.1075 0.28 0.13666666666666666 0.10666666666666667