0 0.9258333333333333 0.15 0.13166666666666665 0.085
0 0.8741666666666666 0.5941666666666666 0.14166666666666666 0.11666666666666667
0 0.7383333333333333 0.445 0.14166666666666666 0.12333333333333334
0 0.7058333333333333 0.7166666666666667 0.15333333333333332 0.12166666666666667
0 0.5208333333333334 0.7825 0.11333333333333333 0.08333333333333333
0 0.3225 0.8016666666666666 0.13333333333333333 0.08833333333333333
0 0.1325 0.7891666666666667 0.12666666666666668 0.10166666666666667
0 0.014166666666666666 0.7858333333333334 0.028333333333333332 0.08166666666666667
0 0.020833333333333332 0.5058333333333334 0.041666666666666664 0.115
0 0.15666666666666668 0.49583333333333335 0.10666666666666667 0.08
0 0.3408333333333333 0.5266666666666666 0.10833333333333334 0.07833333333333334
0 0.56 0.4816666666666667 0.105 0.07166666666666667
0 0.5708333333333333 0.1175 0.1 0.05333333333333334
0 0.75 0.115 0.095 0.11
0 0.16583333333333333 0.02666666666666667 0.105 0.05333333333333334
0 0.1575 0.19833333333333333 0.09666666666666666 0.08333333333333333