0 0.045 0.5375 0.09 0.12166666666666667
0 0.12166666666666667 0.18416666666666667 0.15 0.135
0 0.2658333333333333 0.20583333333333334 0.14833333333333334 0.12666666666666668
0 0.20583333333333334 0.5641666666666667 0.12666666666666668 0.125
0 0.3675 0.5991666666666666 0.105 0.14666666666666667
0 0.5541666666666667 0.6575 0.14166666666666666 0.135
0 0.86 0.6908333333333333 0.16333333333333333 0.11
0 0.875 0.08 0.11166666666666666 0.05333333333333334
0 0.7291666666666666 0.05 0.13833333333333334 0.05333333333333334
0 0.5775 0.021666666666666667 0.125 0.043333333333333335
0 0.42916666666666664 0.03833333333333333 0.105 0.07666666666666666
0 0.5916666666666667 0.3275 0.16833333333333333 0.12166666666666667
0 0.7483333333333333 0.32083333333333336 0.12 0.12166666666666667
0 0.44166666666666665 0.24083333333333334 0.11 0.07