0 0.08166666666666667 0.5441666666666667 0.14833333333333334 0.08333333333333333
0 0.06916666666666667 0.4033333333333333 0.043333333333333335 0.07833333333333334
0 0.42916666666666664 0.3925 0.105 0.056666666666666664
0 0.4225 0.2925 0.125 0.028333333333333332
0 0.39166666666666666 0.20083333333333334 0.058333333333333334 0.07166666666666667
0 0.3258333333333333 0.6275 0.14166666666666666 0.09666666666666666
0 0.29833333333333334 0.8583333333333333 0.08833333333333333 0.06333333333333334
0 0.47583333333333333 0.8675 0.11 0.06333333333333334
0 0.5683333333333334 0.5941666666666666 0.08 0.07666666666666666
0 0.6025 0.40166666666666667 0.08833333333333333 0.09333333333333334
0 0.9291666666666667 0.595 0.13333333333333333 0.065
0 0.7158333333333333 0.2525 0.10333333333333333 0.13