0 0.6175 0.095 0.23166666666666666 0.13833333333333334
0 0.4266666666666667 0.30833333333333335 0.125 0.125
0 0.775 0.5258333333333334 0.12 0.09666666666666666
0 0.8633333333333333 0.3958333333333333 0.10833333333333334 0.15
0 0.7183333333333334 0.6658333333333334 0.07166666666666667 0.10833333333333334
0 0.365 0.415 0.11 0.095
0 0.27166666666666667 0.5675 0.12666666666666668 0.095
0 0.20166666666666666 0.6941666666666667 0.125 0.12
0 0.13083333333333333 0.84 0.17 0.13666666666666666
0 0.059166666666666666 0.905 0.11833333333333333 0.10333333333333333
0 0.62 0.78 0.105 0.08833333333333333
0 0.5316666666666666 0.6733333333333333 0.058333333333333334 0.05333333333333334
0 0.36916666666666664 0.9208333333333333 0.07333333333333333 0.08333333333333333
0 0.4666666666666667 0.5425 0.07833333333333334 0.07333333333333333
0 0.12583333333333332 0.020833333333333332 0.15833333333333333 0.041666666666666664
0 0.0825 0.1175 0.09666666666666666 0.08166666666666667