0 0.5825 0.8066666666666666 0.11 0.13166666666666665
0 0.585 0.6675 0.07166666666666667 0.08666666666666667
0 0.955 0.8016666666666666 0.085 0.115
0 0.9016666666666666 0.5725 0.09333333333333334 0.09833333333333333
0 0.8458333333333333 0.3875 0.115 0.11833333333333333
0 0.7958333333333333 0.215 0.07 0.08666666666666667
0 0.49083333333333334 0.26416666666666666 0.1 0.11166666666666666
0 0.5258333333333334 0.44166666666666665 0.11833333333333333 0.10166666666666667
0 0.16833333333333333 0.5008333333333334 0.07333333333333333 0.08666666666666667
0 0.09666666666666666 0.30333333333333334 0.14333333333333334 0.13166666666666665
0 0.20583333333333334 0.6783333333333333 0.09166666666666666 0.08166666666666667
0 0.25083333333333335 0.9908333333333333 0.10166666666666667 0.018333333333333333