0 0.06666666666666667 0.05416666666666667 0.09333333333333334 0.09333333333333334
0 0.4708333333333333 0.19666666666666666 0.09333333333333334 0.09333333333333334
0 0.37333333333333335 0.17083333333333334 0.09166666666666666 0.065
0 0.18416666666666667 0.10916666666666666 0.10333333333333333 0.06666666666666667
0 0.27416666666666667 0.06416666666666666 0.065 0.06166666666666667
0 0.36333333333333334 0.029166666666666667 0.045 0.05
0 0.7066666666666667 0.27166666666666667 0.12166666666666667 0.12333333333333334
0 0.9233333333333333 0.47333333333333333 0.15333333333333332 0.09333333333333334
0 0.7991666666666667 0.8058333333333333 0.10333333333333333 0.08166666666666667
0 0.5658333333333333 0.8658333333333333 0.15166666666666667 0.13166666666666665
0 0.3625 0.7275 0.125 0.10666666666666667
0 0.18333333333333332 0.7233333333333334 0.10333333333333333 0.085
0 0.025833333333333333 0.7058333333333333 0.051666666666666666 0.13166666666666665
0 0.94 0.9708333333333333 0.07333333333333333 0.058333333333333334