0 0.9416666666666667 0.10166666666666667 0.11333333333333333 0.105
0 0.8325 0.31916666666666665 0.065 0.07166666666666667
0 0.6725 0.325 0.1 0.09666666666666666
0 0.36 0.42916666666666664 0.08666666666666667 0.08833333333333333
0 0.26166666666666666 0.5633333333333334 0.09833333333333333 0.09333333333333334
0 0.7066666666666667 0.5383333333333333 0.07833333333333334 0.08666666666666667
0 0.725 0.6633333333333333 0.09 0.08333333333333333
0 0.65 0.9083333333333333 0.07166666666666667 0.07833333333333334
0 0.5291666666666667 0.8233333333333334 0.1 0.08
0 0.3325 0.8416666666666667 0.06166666666666667 0.06166666666666667
0 0.8516666666666667 0.9475 0.19 0.07666666666666666
0 0.38166666666666665 0.6833333333333333 0.1 0.095
0 0.9433333333333334 0.8791666666666667 0.05 0.12