0 0.07583333333333334 0.96 0.07833333333333334 0.06666666666666667
0 0.08416666666666667 0.7916666666666666 0.02666666666666667 0.023333333333333334
0 0.035833333333333335 0.7075 0.055 0.11
0 0.3016666666666667 0.7708333333333334 0.043333333333333335 0.051666666666666666
0 0.23833333333333334 0.67 0.065 0.06166666666666667
0 0.2783333333333333 0.5625 0.051666666666666666 0.055
0 0.27416666666666667 0.4116666666666667 0.056666666666666664 0.09333333333333334
0 0.20166666666666666 0.315 0.055 0.065
0 0.16583333333333333 0.16083333333333333 0.06833333333333333 0.056666666666666664
0 0.05333333333333334 0.060833333333333336 0.055 0.08
0 0.435 0.8416666666666667 0.055 0.11333333333333333
0 0.6741666666666667 0.7533333333333333 0.03166666666666667 0.055
0 0.755 0.5958333333333333 0.04 0.08666666666666667
0 0.7416666666666667 0.5058333333333334 0.08833333333333333 0.06166666666666667
0 0.9575 0.3275 0.06666666666666667 0.06166666666666667
0 0.7358333333333333 0.39166666666666666 0.08333333333333333 0.06666666666666667
0 0.5916666666666667 0.36583333333333334 0.06833333333333333 0.05333333333333334
0 0.47833333333333333 0.30916666666666665 0.08666666666666667 0.075
0 0.40166666666666667 0.22833333333333333 0.085 0.07666666666666666
0 0.5141666666666667 0.025833333333333333 0.075 0.051666666666666666
0 0.9208333333333333 0.2275 0.06666666666666667 0.056666666666666664
0 0.8675 0.12333333333333334 0.04833333333333333 0.085
0 0.9016666666666666 0.02 0.09 0.04