0 0.9058333333333334 0.835 0.06 0.041666666666666664
0 0.7916666666666666 0.8208333333333333 0.055 0.043333333333333335
0 0.7733333333333333 0.47833333333333333 0.03833333333333333 0.06
0 0.6541666666666667 0.5158333333333334 0.056666666666666664 0.03666666666666667
0 0.565 0.5266666666666666 0.06166666666666667 0.055
0 0.9425 0.21083333333333334 0.08166666666666667 0.07833333333333334
0 0.8341666666666666 0.12333333333333334 0.105 0.065
0 0.71 0.23666666666666666 0.058333333333333334 0.05333333333333334
0 0.7325 0.35333333333333333 0.051666666666666666 0.03833333333333333
0 0.6758333333333333 0.13833333333333334 0.06833333333333333 0.04666666666666667
0 0.6116666666666667 0.37416666666666665 0.06333333333333334 0.04833333333333333
0 0.48083333333333333 0.1775 0.058333333333333334 0.03666666666666667
0 0.35083333333333333 0.31083333333333335 0.058333333333333334 0.03833333333333333
0 0.3416666666666667 0.20916666666666667 0.06333333333333334 0.051666666666666666
0 0.18 0.25833333333333336 0.05 0.035
0 0.0175 0.28583333333333333 0.035 0.045
0 0.24166666666666667 0.36333333333333334 0.055 0.056666666666666664
0 0.265 0.46166666666666667 0.03833333333333333 0.043333333333333335
0 0.2808333333333333 0.5516666666666666 0.04 0.055
0 0.30833333333333335 0.6516666666666666 0.056666666666666664 0.051666666666666666
0 0.3258333333333333 0.7625 0.06666666666666667 0.041666666666666664
0 0.44916666666666666 0.8725 0.07833333333333334 0.055
0 0.2758333333333333 0.9475 0.075 0.04666666666666667
0 0.36083333333333334 0.91 0.05333333333333334 0.025
0 0.17 0.805 0.056666666666666664 0.06166666666666667
0 0.09166666666666666 0.6808333333333333 0.09 0.09666666666666666
0 0.014166666666666666 0.3908333333333333 0.028333333333333332 0.041666666666666664