0 0.36666666666666664 0.9208333333333333 0.23 0.15833333333333333
0 0.7191666666666666 0.9308333333333333 0.08 0.07833333333333334
0 0.6575 0.8825 0.056666666666666664 0.07333333333333333
0 0.8675 0.92 0.13166666666666665 0.15333333333333332
0 0.7841666666666667 0.7425 0.18166666666666667 0.17166666666666666
0 0.2916666666666667 0.7325 0.14833333333333334 0.15333333333333332
0 0.17833333333333334 0.5391666666666667 0.12666666666666668 0.13333333333333333
0 0.06916666666666667 0.4125 0.13833333333333334 0.185
0 0.3625 0.0375 0.14833333333333334 0.075
0 0.4891666666666667 0.18916666666666668 0.17 0.20666666666666667
0 0.59 0.35083333333333333 0.14 0.16
0 0.6866666666666666 0.57 0.19166666666666668 0.22833333333333333