0 0.056666666666666664 0.2725 0.11333333333333333 0.13833333333333334
0 0.07333333333333333 0.4766666666666667 0.14666666666666667 0.12333333333333334
0 0.11333333333333333 0.6958333333333333 0.18 0.15333333333333332
0 0.23583333333333334 0.8583333333333333 0.13666666666666666 0.17333333333333334
0 0.4533333333333333 0.8391666666666666 0.13666666666666666 0.185
0 0.6258333333333334 0.81 0.12333333333333334 0.15666666666666668
0 0.8116666666666666 0.7708333333333334 0.16833333333333333 0.16166666666666665
0 0.9141666666666667 0.5708333333333333 0.17166666666666666 0.13833333333333334
0 0.91 0.365 0.16833333333333333 0.135
0 0.8791666666666667 0.17833333333333334 0.165 0.12666666666666668
0 0.3775 0.49 0.11833333333333333 0.18
0 0.3475 0.275 0.11333333333333333 0.16333333333333333
0 0.5508333333333333 0.24166666666666667 0.14833333333333334 0.16
0 0.5883333333333334 0.45666666666666667 0.17333333333333334 0.17