0 0.7508333333333334 0.23583333333333334 0.115 0.07833333333333334
0 0.5141666666666667 0.22666666666666666 0.11833333333333333 0.08
0 0.34833333333333333 0.25583333333333336 0.095 0.07
0 0.2175 0.2875 0.065 0.07166666666666667
0 0.06666666666666667 0.2825 0.09166666666666666 0.08
0 0.024166666666666666 0.5641666666666667 0.04833333333333333 0.125
0 0.15083333333333335 0.5225 0.08666666666666667 0.07833333333333334
0 0.31916666666666665 0.5175 0.08 0.075
0 0.5475 0.505 0.12 0.08666666666666667
0 0.7558333333333334 0.49583333333333335 0.13833333333333334 0.105
0 0.9666666666666667 0.42 0.06666666666666667 0.10333333333333333
0 0.9508333333333333 0.715 0.09833333333333333 0.13333333333333333
0 0.8491666666666666 0.7575 0.10333333333333333 0.09333333333333334
0 0.7183333333333334 0.7616666666666667 0.09 0.07166666666666667
0 0.5683333333333334 0.7841666666666667 0.09333333333333334 0.07833333333333334
0 0.6225 0.9325 0.105 0.11833333333333333
0 0.37083333333333335 0.9375 0.09166666666666666 0.10333333333333333
0 0.355 0.7566666666666667 0.07833333333333334 0.09