0 0.7091666666666666 0.9466666666666667 0.12833333333333333 0.10666666666666667
0 0.7833333333333333 0.6683333333333333 0.095 0.1
0 0.845 0.47583333333333333 0.125 0.14666666666666667
0 0.44416666666666665 0.8891666666666667 0.14166666666666666 0.12
0 0.27 0.8383333333333334 0.13333333333333333 0.08
0 0.10833333333333334 0.7366666666666667 0.10166666666666667 0.11166666666666666
0 0.2175 0.5725 0.12833333333333333 0.10833333333333334
0 0.5208333333333334 0.7025 0.12333333333333334 0.135
0 0.5583333333333333 0.4975 0.105 0.12333333333333334
0 0.605 0.3175 0.10166666666666667 0.085
0 0.6233333333333333 0.1025 0.14666666666666667 0.15166666666666667
0 0.4675 0.22 0.10666666666666667 0.11833333333333333
0 0.3416666666666667 0.41 0.12 0.125
0 0.255 0.05333333333333334 0.12666666666666668 0.10666666666666667
0 0.12833333333333333 0.175 0.14166666666666666 0.14833333333333334