0 0.76 0.9683333333333334 0.035 0.06166666666666667
0 0.7958333333333333 0.8141666666666667 0.04833333333333333 0.065
0 0.8291666666666667 0.7416666666666667 0.04666666666666667 0.051666666666666666
0 0.8475 0.6583333333333333 0.056666666666666664 0.06166666666666667
0 0.8716666666666667 0.5708333333333333 0.041666666666666664 0.04833333333333333
0 0.8908333333333334 0.48833333333333334 0.05333333333333334 0.058333333333333334
0 0.915 0.4141666666666667 0.03666666666666667 0.04
0 0.9375 0.325 0.05333333333333334 0.08
0 0.9758333333333333 0.17416666666666666 0.043333333333333335 0.045
0 0.6341666666666667 0.9425 0.051666666666666666 0.06
0 0.65 0.8708333333333333 0.028333333333333332 0.04
0 0.6658333333333334 0.8008333333333333 0.028333333333333332 0.045
0 0.695 0.7266666666666667 0.035 0.04666666666666667
0 0.7708333333333334 0.47 0.03 0.058333333333333334
0 0.8291666666666667 0.23416666666666666 0.03666666666666667 0.065
0 0.6241666666666666 0.3516666666666667 0.051666666666666666 0.06166666666666667
0 0.6441666666666667 0.27166666666666667 0.06666666666666667 0.06833333333333333
0 0.08166666666666667 0.5025 0.04666666666666667 0.043333333333333335
0 0.018333333333333333 0.4625 0.03666666666666667 0.04833333333333333
0 0.1525 0.21416666666666667 0.06833333333333333 0.085
0 0.18833333333333332 0.11333333333333333 0.05 0.07166666666666667
0 0.37666666666666665 0.18833333333333332 0.09666666666666666 0.07833333333333334