0 0.08916666666666667 0.9541666666666667 0.07166666666666667 0.09166666666666666
0 0.20333333333333334 0.9641666666666666 0.11 0.07166666666666667
0 0.4375 0.9141666666666667 0.13333333333333333 0.11333333333333333
0 0.4633333333333333 0.6766666666666666 0.13 0.11333333333333333
0 0.39166666666666666 0.5291666666666667 0.11833333333333333 0.12
0 0.11916666666666667 0.78 0.14 0.15
0 0.1375 0.6166666666666667 0.125 0.115
0 0.13666666666666666 0.45 0.11333333333333333 0.15
0 0.4041666666666667 0.37583333333333335 0.11833333333333333 0.1
0 0.09166666666666666 0.2725 0.10333333333333333 0.12166666666666667
0 0.27416666666666667 0.1325 0.14833333333333334 0.20666666666666667
0 0.61 0.0275 0.13 0.055
0 0.6441666666666667 0.17583333333333334 0.145 0.15166666666666667
0 0.7875 0.38916666666666666 0.145 0.12666666666666668
0 0.8925 0.11666666666666667 0.10833333333333334 0.1
0 0.8125 0.04083333333333333 0.125 0.08166666666666667
0 0.9575 0.3458333333333333 0.06833333333333333 0.135