0 0.0375 0.37333333333333335 0.075 0.09333333333333334
0 0.09083333333333334 0.5058333333333334 0.085 0.13666666666666666
0 0.18166666666666667 0.6683333333333333 0.07166666666666667 0.065
0 0.28 0.6875 0.08 0.085
0 0.21666666666666667 0.7225 0.03 0.03166666666666667
0 0.23583333333333334 0.8358333333333333 0.07333333333333333 0.07833333333333334
0 0.3725 0.8575 0.14833333333333334 0.06666666666666667
0 0.5083333333333333 0.8183333333333334 0.07166666666666667 0.06833333333333333
0 0.30333333333333334 0.5491666666666667 0.07666666666666666 0.09666666666666666
0 0.30083333333333334 0.465 0.06 0.06333333333333334
0 0.5925 0.975 0.10166666666666667 0.04833333333333333
0 0.6883333333333334 0.9158333333333334 0.08166666666666667 0.11
0 0.7533333333333333 0.7358333333333333 0.09833333333333333 0.09166666666666666
0 0.595 0.7091666666666666 0.10833333333333334 0.10333333333333333
0 0.6083333333333333 0.7941666666666667 0.04833333333333333 0.058333333333333334
0 0.7483333333333333 0.58 0.14833333333333334 0.10166666666666667
0 0.8025 0.37416666666666665 0.08833333333333333 0.085
0 0.5825 0.5241666666666667 0.11 0.135
0 0.5733333333333334 0.32416666666666666 0.16333333333333333 0.12666666666666668
0 0.37 0.25166666666666665 0.15833333333333333 0.11833333333333333
0 0.2925 0.37166666666666665 0.09 0.115
0 0.19 0.24083333333333334 0.07166666666666667 0.09