0 0.16333333333333333 0.17083333333333334 0.11166666666666666 0.10166666666666667
0 0.2841666666666667 0.205 0.09833333333333333 0.095
0 0.4166666666666667 0.195 0.095 0.06333333333333334
0 0.5725 0.19583333333333333 0.11666666666666667 0.095
0 0.7716666666666666 0.15416666666666667 0.08166666666666667 0.09
0 0.7775 0.3383333333333333 0.08166666666666667 0.105
0 0.7941666666666667 0.47833333333333333 0.06166666666666667 0.06333333333333334
0 0.5366666666666666 0.35 0.08 0.11666666666666667
0 0.0275 0.36 0.03833333333333333 0.06333333333333334
0 0.07 0.44083333333333335 0.08666666666666667 0.08333333333333333
0 0.19166666666666668 0.5266666666666666 0.09833333333333333 0.11333333333333333
0 0.23416666666666666 0.6525 0.11 0.125
0 0.31 0.7808333333333334 0.11 0.10333333333333333
0 0.5158333333333334 0.6975 0.11666666666666667 0.235
0 0.5075 0.915 0.09666666666666666 0.095
0 0.7325 0.9716666666666667 0.10833333333333334 0.056666666666666664
0 0.8708333333333333 0.9558333333333333 0.07166666666666667 0.08833333333333333
0 0.8258333333333333 0.8175 0.105 0.07
0 0.73 0.6958333333333333 0.08333333333333333 0.11833333333333333