0 0.9 0.6825 0.14 0.135
0 0.7566666666666667 0.7 0.11833333333333333 0.075
0 0.6066666666666667 0.7683333333333333 0.11666666666666667 0.10666666666666667
0 0.4058333333333333 0.7958333333333333 0.12666666666666668 0.11333333333333333
0 0.3416666666666667 0.6291666666666667 0.07666666666666666 0.05
0 0.1425 0.815 0.17166666666666666 0.175
0 0.8416666666666667 0.25333333333333335 0.145 0.13166666666666665
0 0.6666666666666666 0.26666666666666666 0.12666666666666668 0.10333333333333333
0 0.5225 0.31083333333333335 0.135 0.085
0 0.31916666666666665 0.345 0.15 0.11
0 0.1 0.39416666666666667 0.15166666666666667 0.12333333333333334