0 0.3225 0.049166666666666664 0.11333333333333333 0.09833333333333333
0 0.4925 0.1875 0.125 0.13666666666666666
0 0.6858333333333333 0.2816666666666667 0.08666666666666667 0.056666666666666664
0 0.7941666666666667 0.30333333333333334 0.085 0.06666666666666667
0 0.9191666666666667 0.30666666666666664 0.105 0.07833333333333334
0 0.9891666666666666 0.31 0.021666666666666667 0.06
0 0.9175 0.48833333333333334 0.07833333333333334 0.07166666666666667
0 0.8491666666666666 0.5866666666666667 0.17333333333333334 0.155
0 0.8516666666666667 0.8825 0.06833333333333333 0.06666666666666667
0 0.8141666666666667 0.7908333333333334 0.07666666666666666 0.05333333333333334
0 0.7733333333333333 0.6758333333333333 0.065 0.058333333333333334
0 0.7041666666666667 0.565 0.07833333333333334 0.051666666666666666
0 0.695 0.955 0.08666666666666667 0.055
0 0.5983333333333334 0.8875 0.06833333333333333 0.055
0 0.4875 0.9316666666666666 0.04666666666666667 0.055
0 0.5991666666666666 0.595 0.07833333333333334 0.055
0 0.5108333333333334 0.6466666666666666 0.06166666666666667 0.05333333333333334
0 0.4241666666666667 0.6916666666666667 0.06333333333333334 0.05
0 0.33416666666666667 0.7416666666666667 0.09666666666666666 0.06333333333333334
0 0.23583333333333334 0.7866666666666666 0.07333333333333333 0.051666666666666666
0 0.15 0.8383333333333334 0.04666666666666667 0.03833333333333333
0 0.04666666666666667 0.8833333333333333 0.085 0.055
0 0.15 0.6825 0.13 0.13
0 0.5266666666666666 0.45416666666666666 0.08333333333333333 0.08
0 0.4091666666666667 0.5483333333333333 0.08333333333333333 0.07333333333333333
0 0.26916666666666667 0.6133333333333333 0.06666666666666667 0.06333333333333334
0 0.1975 0.5175 0.06333333333333334 0.056666666666666664
0 0.3958333333333333 0.3908333333333333 0.07666666666666666 0.08666666666666667
0 0.26916666666666667 0.32916666666666666 0.07 0.09333333333333334