0 0.14333333333333334 0.3441666666666667 0.13833333333333334 0.15166666666666667
0 0.3475 0.31 0.11 0.12
0 0.5608333333333333 0.27166666666666667 0.14833333333333334 0.11
0 0.9566666666666667 0.20166666666666666 0.08666666666666667 0.12
0 0.7158333333333333 0.5191666666666667 0.15166666666666667 0.16666666666666666
0 0.5308333333333334 0.5941666666666666 0.14833333333333334 0.155
0 0.32 0.635 0.13666666666666666 0.15666666666666668
0 0.13666666666666666 0.665 0.125 0.14
0 0.035 0.8975 0.07 0.145
0 0.2875 0.9566666666666667 0.11666666666666667 0.07666666666666666
0 0.49416666666666664 0.9291666666666667 0.12666666666666668 0.10166666666666667
0 0.6808333333333333 0.8833333333333333 0.10833333333333334 0.15833333333333333
0 0.89 0.8283333333333334 0.18333333333333332 0.13833333333333334