0 0.5141666666666667 0.9625 0.12166666666666667 0.075
0 0.6766666666666666 0.8425 0.07166666666666667 0.03833333333333333
0 0.5791666666666667 0.7075 0.07166666666666667 0.10333333333333333
0 0.42583333333333334 0.83 0.08333333333333333 0.10833333333333334
0 0.3308333333333333 0.7116666666666667 0.11666666666666667 0.13
0 0.495 0.595 0.08166666666666667 0.09333333333333334
0 0.265 0.5775 0.07166666666666667 0.08833333333333333
0 0.44666666666666666 0.46 0.07833333333333334 0.07
0 0.8975 0.41333333333333333 0.13333333333333333 0.10666666666666667
0 0.8058333333333333 0.16416666666666666 0.07833333333333334 0.06833333333333333
0 0.44166666666666665 0.2941666666666667 0.06166666666666667 0.10333333333333333
0 0.3441666666666667 0.17083333333333334 0.08833333333333333 0.09
0 0.20083333333333334 0.18583333333333332 0.095 0.08166666666666667
0 0.09333333333333334 0.3025 0.06666666666666667 0.10666666666666667
0 0.17916666666666667 0.4475 0.095 0.09666666666666666