0 0.9283333333333333 0.8566666666666667 0.12333333333333334 0.12666666666666668
0 0.965 0.7133333333333334 0.06 0.12166666666666667
0 0.6908333333333333 0.7766666666666666 0.12333333333333334 0.13333333333333333
0 0.7791666666666667 0.5491666666666667 0.11833333333333333 0.12833333333333333
0 0.9575 0.28833333333333333 0.085 0.14333333333333334
0 0.9366666666666666 0.055 0.12666666666666668 0.08666666666666667
0 0.55 0.37333333333333335 0.14 0.08666666666666667
0 0.44916666666666666 0.6816666666666666 0.1 0.11166666666666666
0 0.2991666666666667 0.565 0.115 0.12
0 0.13916666666666666 0.49583333333333335 0.07166666666666667 0.08
0 0.395 0.24833333333333332 0.13666666666666666 0.10666666666666667
0 0.2575 0.11666666666666667 0.08166666666666667 0.10166666666666667
0 0.041666666666666664 0.355 0.06166666666666667 0.11666666666666667