0 0.3075 0.8983333333333333 0.09666666666666666 0.125
0 0.3958333333333333 0.8666666666666667 0.06666666666666667 0.085
0 0.5 0.855 0.07333333333333333 0.1
0 0.5883333333333334 0.8158333333333333 0.075 0.06333333333333334
0 0.6716666666666666 0.7675 0.08666666666666667 0.07166666666666667
0 0.77 0.7608333333333334 0.1 0.11833333333333333
0 0.9191666666666667 0.685 0.07333333333333333 0.09166666666666666
0 0.81 0.13916666666666666 0.07166666666666667 0.09333333333333334
0 0.9133333333333333 0.35333333333333333 0.07333333333333333 0.08666666666666667
0 0.8108333333333333 0.385 0.075 0.07166666666666667
0 0.9858333333333333 0.6683333333333333 0.028333333333333332 0.08666666666666667
0 0.63 0.42833333333333334 0.075 0.07166666666666667
0 0.7208333333333333 0.13916666666666666 0.095 0.105
0 0.2808333333333333 0.2875 0.08833333333333333 0.11
0 0.3625 0.2708333333333333 0.08666666666666667 0.06666666666666667
0 0.10583333333333333 0.3775 0.085 0.09333333333333334
0 0.17666666666666667 0.5975 0.085 0.10166666666666667
0 0.27416666666666667 0.5608333333333333 0.07333333333333333 0.06
0 0.3491666666666667 0.5516666666666666 0.07833333333333334 0.07666666666666666
0 0.43166666666666664 0.52 0.06833333333333333 0.09833333333333333
0 0.49416666666666664 0.4841666666666667 0.06666666666666667 0.11166666666666666
0 0.5525 0.48 0.07 0.115