0 0.17416666666666666 0.09166666666666666 0.12333333333333334 0.12166666666666667
0 0.32916666666666666 0.12166666666666667 0.11 0.11166666666666666
0 0.43083333333333335 0.21583333333333332 0.12333333333333334 0.11166666666666666
0 0.5208333333333334 0.3575 0.13166666666666665 0.13833333333333334
0 0.18333333333333332 0.515 0.115 0.10333333333333333
0 0.2841666666666667 0.6216666666666667 0.12666666666666668 0.10166666666666667
0 0.3908333333333333 0.7308333333333333 0.15 0.21
0 0.5258333333333334 0.8116666666666666 0.13833333333333334 0.16333333333333333
0 0.6441666666666667 0.3883333333333333 0.13666666666666666 0.22833333333333333
0 0.7425 0.4816666666666667 0.085 0.08833333333333333
0 0.6383333333333333 0.865 0.09666666666666666 0.105
0 0.7316666666666667 0.9641666666666666 0.1 0.07166666666666667
0 0.8691666666666666 0.565 0.13 0.155