0 0.9016666666666666 0.1825 0.14666666666666667 0.13833333333333334
0 0.9133333333333333 0.3883333333333333 0.15166666666666667 0.12333333333333334
0 0.9141666666666667 0.61 0.17166666666666666 0.15333333333333332
0 0.8333333333333334 0.7958333333333333 0.13666666666666666 0.17333333333333334
0 0.6158333333333333 0.8225 0.13666666666666666 0.185
0 0.44166666666666665 0.8291666666666667 0.12333333333333334 0.15666666666666668
0 0.25166666666666665 0.83 0.16833333333333333 0.16166666666666665
0 0.10333333333333333 0.6566666666666666 0.185 0.13833333333333334
0 0.0775 0.4525 0.155 0.135
0 0.0725 0.2633333333333333 0.145 0.12666666666666668
0 0.6183333333333333 0.46416666666666667 0.11833333333333333 0.18
0 0.6025 0.24833333333333332 0.11333333333333333 0.16333333333333333
0 0.39666666666666667 0.25833333333333336 0.14833333333333334 0.16
0 0.405 0.47583333333333333 0.17333333333333334 0.17