0 0.7141666666666666 0.4575 0.19833333333333333 0.15833333333333333
0 0.465 0.20583333333333334 0.19333333333333333 0.175
0 0.645 0.93 0.17166666666666666 0.14
0 0.4925 0.6891666666666667 0.18666666666666668 0.13666666666666666
0 0.2575 0.5116666666666667 0.19 0.18833333333333332
0 0.11083333333333334 0.7425 0.21 0.19
0 0.09833333333333333 0.2325 0.13666666666666666 0.115
0 0.03 0.38083333333333336 0.05 0.10166666666666667
0 0.3075 0.03 0.13833333333333334 0.06
0 0.2025 0.1175 0.13333333333333333 0.15333333333333332
0 0.12 0.021666666666666667 0.10333333333333333 0.043333333333333335