0 0.18583333333333332 0.9116666666666666 0.13 0.09666666666666666
0 0.42083333333333334 0.895 0.15166666666666667 0.09166666666666666
0 0.6625 0.8833333333333333 0.18833333333333332 0.11833333333333333
0 0.9491666666666667 0.8675 0.10166666666666667 0.15833333333333333
0 0.9608333333333333 0.495 0.07833333333333334 0.08666666666666667
0 0.7966666666666666 0.5016666666666667 0.11 0.07833333333333334
0 0.5516666666666666 0.525 0.13333333333333333 0.1
0 0.3358333333333333 0.5191666666666667 0.14833333333333334 0.12666666666666668
0 0.15583333333333332 0.5391666666666667 0.11333333333333333 0.075
0 0.10166666666666667 0.13166666666666665 0.18166666666666667 0.175
0 0.31 0.12333333333333334 0.18833333333333332 0.12333333333333334
0 0.5275 0.1075 0.14166666666666666 0.11666666666666667
0 0.7691666666666667 0.0925 0.165 0.10833333333333334