0 0.8216666666666667 0.045 0.14833333333333334 0.07333333333333333
0 0.6508333333333334 0.11166666666666666 0.15666666666666668 0.15
0 0.4791666666666667 0.24333333333333335 0.13 0.13833333333333334
0 0.2658333333333333 0.2125 0.06666666666666667 0.06333333333333334
0 0.31 0.37916666666666665 0.13333333333333333 0.15666666666666668
0 0.1375 0.5116666666666667 0.14666666666666667 0.15666666666666668
0 0.025 0.635 0.05 0.09333333333333334
0 0.3575 0.9358333333333333 0.2 0.125
0 0.5166666666666667 0.7791666666666667 0.19166666666666668 0.14666666666666667
0 0.7016666666666667 0.6483333333333333 0.16166666666666665 0.10666666666666667
0 0.8666666666666667 0.5233333333333333 0.145 0.1