0 0.5383333333333333 0.16166666666666665 0.15 0.10166666666666667
0 0.3441666666666667 0.14083333333333334 0.15166666666666667 0.09166666666666666
0 0.1625 0.07666666666666666 0.155 0.11333333333333333
0 0.7458333333333333 0.23 0.18166666666666667 0.14333333333333334
0 0.7516666666666667 0.3883333333333333 0.09666666666666666 0.15333333333333332
0 0.715 0.5808333333333333 0.105 0.14833333333333334
0 0.6675 0.7575 0.09666666666666666 0.14833333333333334
0 0.6375 0.95 0.10166666666666667 0.1
0 0.45416666666666666 0.9541666666666667 0.15166666666666667 0.09166666666666666
0 0.25333333333333335 0.93 0.16666666666666666 0.08333333333333333
0 0.4275 0.6166666666666667 0.11333333333333333 0.15333333333333332
0 0.4075 0.4033333333333333 0.11833333333333333 0.10833333333333334
0 0.2225 0.7375 0.13333333333333333 0.08666666666666667
0 0.025833333333333333 0.7141666666666666 0.051666666666666666 0.09166666666666666
0 0.10583333333333333 0.3308333333333333 0.12333333333333334 0.14333333333333334