0 0.8258333333333333 0.7341666666666666 0.15 0.11166666666666666
0 0.9475 0.5666666666666667 0.06 0.06333333333333334
0 0.7416666666666667 0.4841666666666667 0.12 0.09333333333333334
0 0.8825 0.2125 0.09333333333333334 0.08166666666666667
0 0.5908333333333333 0.3516666666666667 0.1 0.10333333333333333
0 0.43166666666666664 0.33916666666666667 0.04833333333333333 0.065
0 0.45916666666666667 0.20416666666666666 0.09666666666666666 0.09833333333333333
0 0.31666666666666665 0.049166666666666664 0.10833333333333334 0.08666666666666667
0 0.28833333333333333 0.7925 0.09 0.08
0 0.1 0.635 0.10833333333333334 0.08833333333333333
0 0.04083333333333333 0.4975 0.08166666666666667 0.11166666666666666
0 0.8083333333333333 0.8966666666666666 0.06666666666666667 0.11166666666666666