0 0.21833333333333332 0.18166666666666667 0.14333333333333334 0.13166666666666665
0 0.5675 0.24333333333333335 0.12 0.09333333333333334
0 0.2941666666666667 0.3425 0.085 0.09166666666666666
0 0.30083333333333334 0.5133333333333333 0.14166666666666666 0.105
0 0.31583333333333335 0.7325 0.18 0.19333333333333333
0 0.0275 0.52 0.055 0.11666666666666667
0 0.75 0.415 0.15666666666666668 0.17666666666666667
0 0.6683333333333333 0.6741666666666667 0.13333333333333333 0.12333333333333334
0 0.9925 0.7575 0.015 0.11166666666666666
0 0.9408333333333333 0.8866666666666667 0.11833333333333333 0.11333333333333333
0 0.7808333333333334 0.9408333333333333 0.095 0.055
0 0.36666666666666664 0.97 0.13 0.06