0 0.5408333333333334 0.15666666666666668 0.18666666666666668 0.1
0 0.3016666666666667 0.18916666666666668 0.14333333333333334 0.07333333333333333
0 0.10583333333333333 0.215 0.13333333333333333 0.11666666666666667
0 0.16416666666666666 0.4583333333333333 0.095 0.06666666666666667
0 0.0325 0.4866666666666667 0.065 0.045
0 0.06833333333333333 0.8333333333333334 0.09833333333333333 0.09833333333333333
0 0.21416666666666667 0.8091666666666667 0.12333333333333334 0.056666666666666664
0 0.4033333333333333 0.7658333333333334 0.14166666666666666 0.08
0 0.6008333333333333 0.9675 0.145 0.06333333333333334
0 0.7775 0.9358333333333333 0.14333333333333334 0.07166666666666667
0 0.9033333333333333 0.6608333333333334 0.12333333333333334 0.11
0 0.7366666666666667 0.685 0.12333333333333334 0.135
0 0.6575 0.3566666666666667 0.13 0.06833333333333333
0 0.8533333333333334 0.3225 0.10166666666666667 0.058333333333333334
0 0.7991666666666667 0.06416666666666666 0.09666666666666666 0.08166666666666667
0 0.925 0.06666666666666667 0.09666666666666666 0.085