0 0.41083333333333333 0.15666666666666668 0.14833333333333334 0.14666666666666667
0 0.5608333333333333 0.24333333333333335 0.11333333333333333 0.135
0 0.7141666666666666 0.3275 0.14833333333333334 0.16666666666666666
0 0.8766666666666667 0.4008333333333333 0.15666666666666668 0.175
0 0.9766666666666667 0.4825 0.04666666666666667 0.08833333333333333
0 0.7933333333333333 0.6841666666666667 0.185 0.18
0 0.6916666666666667 0.8475 0.18166666666666667 0.15333333333333332
0 0.49 0.87 0.15833333333333333 0.15333333333333332
0 0.365 0.6883333333333334 0.15833333333333333 0.16666666666666666
0 0.43416666666666665 0.5166666666666667 0.17333333333333334 0.17833333333333334
0 0.14583333333333334 0.4766666666666667 0.17833333333333334 0.17333333333333334