0 0.3075 0.05 0.13166666666666665 0.1
0 0.22333333333333333 0.3225 0.09666666666666666 0.10166666666666667
0 0.15416666666666667 0.5125 0.12833333333333333 0.15
0 0.5691666666666667 0.11333333333333333 0.14333333333333334 0.12333333333333334
0 0.7416666666666667 0.17 0.135 0.085
0 0.9 0.2775 0.105 0.11333333333333333
0 0.7841666666666667 0.4375 0.13 0.11166666666666666
0 0.48583333333333334 0.2966666666666667 0.12666666666666668 0.13833333333333334
0 0.44166666666666665 0.5 0.10833333333333334 0.125
0 0.3883333333333333 0.6791666666666667 0.10333333333333333 0.08833333333333333
0 0.36333333333333334 0.8925 0.15 0.155
0 0.5225 0.7808333333333334 0.10833333333333334 0.12
0 0.655 0.595 0.12166666666666667 0.12666666666666668
0 0.7283333333333334 0.95 0.13 0.1
0 0.86 0.8375 0.145 0.15166666666666667