0 0.8533333333333334 0.815 0.205 0.21666666666666667
0 0.49583333333333335 0.7066666666666667 0.18 0.2866666666666667
0 0.21166666666666667 0.8516666666666667 0.23166666666666666 0.22833333333333333
0 0.21583333333333332 0.5933333333333334 0.235 0.18166666666666667
0 0.22833333333333333 0.38166666666666665 0.245 0.175
0 0.22166666666666668 0.09583333333333334 0.18 0.165
0 0.335 0.03166666666666667 0.1 0.06333333333333334
0 0.5283333333333333 0.345 0.16833333333333333 0.18166666666666667
0 0.8891666666666667 0.23 0.18333333333333332 0.17833333333333334
0 0.58 0.12083333333333333 0.09166666666666666 0.07166666666666667
0 0.9516666666666667 0.12 0.085 0.09833333333333333