0 0.45916666666666667 0.8 0.06333333333333334 0.07166666666666667
0 0.8133333333333334 0.8716666666666667 0.08333333333333333 0.065
0 0.31416666666666665 0.7941666666666667 0.085 0.065
0 0.21333333333333335 0.5675 0.06166666666666667 0.04666666666666667
0 0.3375 0.6075 0.075 0.07166666666666667
0 0.39166666666666666 0.4325 0.08333333333333333 0.06333333333333334
0 0.53 0.6416666666666667 0.07833333333333334 0.09
0 0.43 0.2733333333333333 0.06166666666666667 0.045
0 0.555 0.33916666666666667 0.07166666666666667 0.056666666666666664
0 0.67 0.3975 0.07666666666666666 0.05
0 0.7808333333333334 0.5741666666666667 0.08666666666666667 0.056666666666666664
0 0.8633333333333333 0.4975 0.06833333333333333 0.058333333333333334
0 0.8741666666666666 0.7025 0.08 0.04666666666666667
0 0.5766666666666667 0.125 0.13166666666666665 0.07333333333333333
0 0.7091666666666666 0.18 0.065 0.06333333333333334
0 0.11333333333333333 0.0325 0.07333333333333333 0.065
0 0.8991666666666667 0.24583333333333332 0.08 0.06833333333333333