0 0.8083333333333333 0.03 0.17 0.06
0 0.8041666666666667 0.2 0.235 0.08666666666666667
0 0.8441666666666666 0.38333333333333336 0.20666666666666667 0.08166666666666667
0 0.6658333333333334 0.085 0.09833333333333333 0.14333333333333334
0 0.5483333333333333 0.03666666666666667 0.11333333333333333 0.056666666666666664
0 0.45166666666666666 0.06916666666666667 0.06333333333333334 0.058333333333333334
0 0.5308333333333334 0.16416666666666666 0.12166666666666667 0.08
0 0.6458333333333334 0.565 0.06833333333333333 0.056666666666666664
0 0.7766666666666666 0.5483333333333333 0.07833333333333334 0.05
0 0.855 0.5183333333333333 0.07 0.05333333333333334
0 0.9566666666666667 0.4708333333333333 0.06833333333333333 0.065
0 0.9916666666666667 0.61 0.016666666666666666 0.07333333333333333
0 0.8975 0.6366666666666667 0.06833333333333333 0.043333333333333335
0 0.9458333333333333 0.7725 0.08666666666666667 0.06
0 0.8116666666666666 0.6658333333333334 0.11 0.07
0 0.7016666666666667 0.7158333333333333 0.06666666666666667 0.06333333333333334
0 0.7358333333333333 0.8216666666666667 0.055 0.07333333333333333
0 0.7608333333333334 0.9225 0.04833333333333333 0.06833333333333333
0 0.5033333333333333 0.6791666666666667 0.075 0.06833333333333333
0 0.5616666666666666 0.8408333333333333 0.07166666666666667 0.09666666666666666
0 0.5891666666666666 0.9541666666666667 0.06333333333333334 0.08333333333333333
0 0.3725 0.7258333333333333 0.07666666666666666 0.04833333333333333
0 0.365 0.435 0.12166666666666667 0.12166666666666667
0 0.39916666666666667 0.8741666666666666 0.05 0.056666666666666664
0 0.42333333333333334 0.9733333333333334 0.06 0.05333333333333334
0 0.24333333333333335 0.985 0.06333333333333334 0.03
0 0.20333333333333334 0.91 0.065 0.06333333333333334
0 0.2075 0.7758333333333334 0.07666666666666666 0.06333333333333334
0 0.1125 0.7508333333333334 0.08333333333333333 0.07
0 0.06416666666666666 0.6633333333333333 0.058333333333333334 0.09
0 0.48833333333333334 0.5441666666666667 0.07666666666666666 0.11166666666666666
0 0.17 0.49 0.041666666666666664 0.051666666666666666
0 0.2575 0.555 0.07333333333333333 0.06666666666666667
0 0.08166666666666667 0.5491666666666667 0.07 0.075
0 0.04416666666666667 0.4166666666666667 0.08833333333333333 0.09666666666666666
0 0.14833333333333334 0.3625 0.10333333333333333 0.09833333333333333
0 0.24666666666666667 0.2916666666666667 0.1 0.08
0 0.3458333333333333 0.24416666666666667 0.1 0.08166666666666667
0 0.245 0.11666666666666667 0.08666666666666667 0.07666666666666666
0 0.0125 0.265 0.025 0.08333333333333333
0 0.041666666666666664 0.17 0.08333333333333333 0.07666666666666666
0 0.10916666666666666 0.22833333333333333 0.06333333333333334 0.07166666666666667