0 0.31083333333333335 0.12416666666666666 0.11166666666666666 0.12166666666666667
0 0.7925 0.18416666666666667 0.12666666666666668 0.1
0 0.4708333333333333 0.045 0.05333333333333334 0.07166666666666667
0 0.32666666666666666 0.04083333333333333 0.175 0.07166666666666667
0 0.25166666666666665 0.395 0.14833333333333334 0.12666666666666668
0 0.2375 0.54 0.10666666666666667 0.12
0 0.20083333333333334 0.7916666666666666 0.18166666666666667 0.125
0 0.3625 0.8791666666666667 0.07 0.075
0 0.6475 0.9275 0.12666666666666668 0.07666666666666666
0 0.7008333333333333 0.78 0.115 0.11833333333333333
0 0.7141666666666666 0.6616666666666666 0.115 0.115
0 0.7225 0.505 0.17 0.15666666666666668
0 0.585 0.5641666666666667 0.058333333333333334 0.041666666666666664