0 0.7241666666666666 0.965 0.12166666666666667 0.07
0 0.605 0.87 0.10833333333333334 0.06333333333333334
0 0.43166666666666664 0.8125 0.07333333333333333 0.055
0 0.2675 0.7725 0.13666666666666666 0.08
0 0.17 0.4058333333333333 0.11833333333333333 0.095
0 0.37416666666666665 0.4091666666666667 0.11 0.08166666666666667
0 0.88 0.5958333333333333 0.11 0.07833333333333334
0 0.775 0.26666666666666666 0.11333333333333333 0.09833333333333333
0 0.585 0.23083333333333333 0.10333333333333333 0.09333333333333334
0 0.4225 0.18416666666666667 0.11166666666666666 0.07
0 0.25916666666666666 0.125 0.11666666666666667 0.10333333333333333