0 0.23166666666666666 0.8325 0.12333333333333334 0.085
0 0.21166666666666667 0.6816666666666666 0.135 0.11166666666666666
0 0.17583333333333334 0.5475 0.10666666666666667 0.11
0 0.19 0.3983333333333333 0.17333333333333334 0.12666666666666668
0 0.23666666666666666 0.25083333333333335 0.3516666666666667 0.16
0 0.4066666666666667 0.30666666666666664 0.06666666666666667 0.09
0 0.4175 0.455 0.08666666666666667 0.07166666666666667
0 0.4633333333333333 0.7991666666666667 0.09 0.06666666666666667
0 0.7658333333333334 0.7108333333333333 0.16 0.09666666666666666
0 0.7933333333333333 0.5816666666666667 0.13333333333333333 0.12333333333333334
0 0.7683333333333333 0.405 0.08833333333333333 0.15
0 0.7216666666666667 0.25916666666666666 0.14 0.1
0 0.68 0.14583333333333334 0.13166666666666665 0.08666666666666667