0 0.8225 0.6766666666666666 0.10666666666666667 0.10833333333333334
0 0.815 0.5041666666666667 0.1 0.11833333333333333
0 0.7066666666666667 0.37 0.125 0.15
0 0.47333333333333333 0.30666666666666664 0.09833333333333333 0.11
0 0.5583333333333333 0.035833333333333335 0.11 0.07166666666666667
0 0.15083333333333335 0.45666666666666667 0.12666666666666668 0.13166666666666665
0 0.0875 0.6208333333333333 0.15666666666666668 0.195
0 0.09916666666666667 0.2575 0.043333333333333335 0.04666666666666667
0 0.49833333333333335 0.5741666666666667 0.095 0.12
0 0.4925 0.7191666666666666 0.09833333333333333 0.1
0 0.3875 0.8275 0.09666666666666666 0.09833333333333333
0 0.2875 0.9125 0.12166666666666667 0.115