0 0.03833333333333333 0.275 0.07666666666666666 0.41333333333333333
0 0.04 0.635 0.07666666666666666 0.19166666666666668
0 0.2 0.32416666666666666 0.135 0.27666666666666667
0 0.36083333333333334 0.056666666666666664 0.16333333333333333 0.10333333333333333
0 0.37833333333333335 0.37333333333333335 0.10666666666666667 0.135
0 0.5308333333333334 0.0325 0.10166666666666667 0.065
0 0.5608333333333333 0.3408333333333333 0.12666666666666668 0.15166666666666667
0 0.75 0.3375 0.16166666666666665 0.14166666666666666
0 0.9058333333333334 0.29 0.155 0.15166666666666667
0 0.9908333333333333 0.56 0.018333333333333333 0.11666666666666667
0 0.895 0.6158333333333333 0.11 0.11666666666666667
0 0.95 0.7233333333333334 0.1 0.10666666666666667
0 0.7241666666666666 0.635 0.13 0.12
0 0.5775 0.68 0.10333333333333333 0.085
0 0.38916666666666666 0.6575 0.12666666666666668 0.115
0 0.24666666666666667 0.6608333333333334 0.11666666666666667 0.215
0 0.24833333333333332 0.9475 0.14 0.105
0 0.4875 0.9408333333333333 0.225 0.11833333333333333