0 0.8566666666666667 0.2925 0.14666666666666667 0.13333333333333333
0 0.48083333333333333 0.21083333333333334 0.07666666666666666 0.09333333333333334
0 0.5883333333333334 0.3933333333333333 0.115 0.07833333333333334
0 0.6858333333333333 0.5216666666666666 0.09333333333333334 0.11333333333333333
0 0.7241666666666666 0.6241666666666666 0.045 0.06666666666666667
0 0.825 0.7383333333333333 0.06 0.08
0 0.9591666666666666 0.8383333333333334 0.07166666666666667 0.051666666666666666
0 0.54 0.9358333333333333 0.08833333333333333 0.08166666666666667
0 0.43583333333333335 0.8208333333333333 0.11166666666666666 0.095
0 0.5508333333333333 0.6733333333333333 0.08666666666666667 0.09333333333333334
0 0.49583333333333335 0.5741666666666667 0.06833333333333333 0.08333333333333333
0 0.25333333333333335 0.6391666666666667 0.08833333333333333 0.09166666666666666
0 0.35333333333333333 0.4608333333333333 0.075 0.07333333333333333
0 0.18583333333333332 0.47583333333333333 0.07333333333333333 0.075
0 0.26916666666666667 0.3441666666666667 0.12333333333333334 0.1
0 0.22083333333333333 0.2575 0.07333333333333333 0.07166666666666667