0 0.07416666666666667 0.3491666666666667 0.13833333333333334 0.095
0 0.15333333333333332 0.20666666666666667 0.09833333333333333 0.06833333333333333
0 0.3 0.12416666666666666 0.11 0.07166666666666667
0 0.5633333333333334 0.020833333333333332 0.13333333333333333 0.041666666666666664
0 0.835 0.025 0.09 0.05
0 0.6 0.47833333333333333 0.07666666666666666 0.058333333333333334
0 0.44583333333333336 0.3908333333333333 0.08166666666666667 0.08
0 0.15833333333333333 0.5316666666666666 0.11 0.09833333333333333
0 0.32083333333333336 0.6033333333333334 0.12833333333333333 0.10666666666666667
0 0.6191666666666666 0.7283333333333334 0.14666666666666667 0.09
0 0.3258333333333333 0.8733333333333333 0.09666666666666666 0.09
0 0.9225 0.5066666666666667 0.08166666666666667 0.12
0 0.9533333333333334 0.2825 0.07333333333333333 0.11666666666666667