0 0.19666666666666666 0.03333333333333333 0.14333333333333334 0.06666666666666667
0 0.43583333333333335 0.06333333333333334 0.155 0.08666666666666667
0 0.6708333333333333 0.07916666666666666 0.14 0.09666666666666666
0 0.9183333333333333 0.1075 0.16333333333333333 0.09166666666666666
0 0.1375 0.24666666666666667 0.20166666666666666 0.13666666666666666
0 0.3875 0.32416666666666666 0.12 0.075
0 0.6516666666666666 0.32 0.17833333333333334 0.11666666666666667
0 0.89 0.38416666666666666 0.15833333333333333 0.08666666666666667
0 0.8283333333333334 0.7 0.15166666666666667 0.10833333333333334
0 0.6125 0.6591666666666667 0.16166666666666665 0.13833333333333334
0 0.3541666666666667 0.6325 0.19666666666666666 0.17
0 0.13166666666666665 0.6166666666666667 0.19 0.16166666666666665
0 0.08083333333333333 0.8283333333333334 0.13 0.07666666666666666
0 0.3475 0.88 0.07333333333333333 0.056666666666666664
0 0.57 0.9216666666666666 0.12166666666666667 0.07333333333333333
0 0.3416666666666667 0.89 0.1 0.075
0 0.8183333333333334 0.9491666666666667 0.18666666666666668 0.10166666666666667