0 0.29833333333333334 0.7933333333333333 0.11166666666666666 0.08333333333333333
0 0.1525 0.7766666666666666 0.095 0.11333333333333333
0 0.06833333333333333 0.5333333333333333 0.085 0.09166666666666666
0 0.17083333333333334 0.45916666666666667 0.09333333333333334 0.11
0 0.32 0.41 0.11 0.09166666666666666
0 0.4116666666666667 0.30916666666666665 0.06 0.09333333333333334
0 0.31333333333333335 0.16083333333333333 0.075 0.07666666666666666
0 0.22333333333333333 0.07166666666666667 0.06666666666666667 0.06
0 0.6783333333333333 0.1625 0.07666666666666666 0.07833333333333334
0 0.7558333333333334 0.2625 0.07166666666666667 0.11166666666666666
0 0.8925 0.4041666666666667 0.08333333333333333 0.105
0 0.605 0.5191666666666667 0.09166666666666666 0.06833333333333333
0 0.51 0.6066666666666667 0.07333333333333333 0.08166666666666667
0 0.7433333333333333 0.8541666666666666 0.08833333333333333 0.07833333333333334
0 0.6383333333333333 0.9216666666666666 0.08666666666666667 0.09833333333333333
0 0.7216666666666667 0.6066666666666667 0.05333333333333334 0.07666666666666666