0 0.1625 0.7375 0.155 0.14333333333333334
0 0.5441666666666667 0.7866666666666666 0.08333333333333333 0.09833333333333333
0 0.4216666666666667 0.6141666666666666 0.11833333333333333 0.08666666666666667
0 0.31333333333333335 0.49416666666666664 0.10166666666666667 0.11833333333333333
0 0.2658333333333333 0.3958333333333333 0.04833333333333333 0.06833333333333333
0 0.155 0.29083333333333333 0.065 0.08333333333333333
0 0.025 0.20333333333333334 0.05 0.056666666666666664
0 0.4216666666666667 0.06916666666666667 0.09333333333333334 0.08833333333333333
0 0.5366666666666666 0.175 0.11666666666666667 0.10333333333333333
0 0.43416666666666665 0.3325 0.09166666666666666 0.09833333333333333
0 0.49833333333333335 0.42583333333333334 0.075 0.08666666666666667
0 0.7333333333333333 0.34 0.09333333333333334 0.09666666666666666
0 0.65 0.5266666666666666 0.08 0.07833333333333334
0 0.815 0.49666666666666665 0.07833333333333334 0.08
0 0.7433333333333333 0.635 0.12833333333333333 0.10833333333333334
0 0.7991666666666667 0.7175 0.07666666666666666 0.07666666666666666