0 0.9633333333333334 0.24833333333333332 0.07333333333333333 0.14333333333333334
0 0.9808333333333333 0.3958333333333333 0.03833333333333333 0.12833333333333333
0 0.7483333333333333 0.2733333333333333 0.14166666666666666 0.15
0 0.7833333333333333 0.515 0.135 0.14333333333333334
0 0.9033333333333333 0.81 0.115 0.155
0 0.8275 0.9883333333333333 0.14166666666666666 0.023333333333333334
0 0.52 0.635 0.15 0.10666666666666667
0 0.49083333333333334 0.31166666666666665 0.115 0.125
0 0.31916666666666665 0.39166666666666666 0.13166666666666665 0.135
0 0.1475 0.42333333333333334 0.08333333333333333 0.09
0 0.3416666666666667 0.7216666666666667 0.15 0.125
0 0.1775 0.8183333333333334 0.09666666666666666 0.11166666666666666
0 0.03 0.5383333333333333 0.06 0.12333333333333334