0 0.1 0.16 0.16166666666666665 0.16166666666666665
0 0.2633333333333333 0.10916666666666666 0.12833333333333333 0.17
0 0.42916666666666664 0.07083333333333333 0.115 0.14166666666666666
0 0.6066666666666667 0.0525 0.14833333333333334 0.10166666666666667
0 0.9258333333333333 0.315 0.14833333333333334 0.14666666666666667
0 0.7591666666666667 0.3466666666666667 0.11333333333333333 0.15166666666666667
0 0.5808333333333333 0.4066666666666667 0.09166666666666666 0.145
0 0.41583333333333333 0.48 0.10666666666666667 0.11166666666666666
0 0.25916666666666666 0.5325 0.13 0.16166666666666665
0 0.07666666666666666 0.605 0.15333333333333332 0.16666666666666666
0 0.05416666666666667 0.9341666666666667 0.10833333333333334 0.07833333333333334
0 0.20416666666666666 0.875 0.14833333333333334 0.145
0 0.3725 0.845 0.058333333333333334 0.15833333333333333
0 0.54 0.7591666666666667 0.09833333333333333 0.13833333333333334
0 0.7058333333333333 0.6991666666666667 0.12333333333333334 0.135
0 0.855 0.5983333333333334 0.11333333333333333 0.12166666666666667