0 0.9766666666666667 0.1175 0.04666666666666667 0.09166666666666666
0 0.305 0.09666666666666666 0.17333333333333334 0.19333333333333333
0 0.49333333333333335 0.10916666666666666 0.13833333333333334 0.115
0 0.6416666666666667 0.185 0.08333333333333333 0.075
0 0.9466666666666667 0.385 0.08 0.09333333333333334
0 0.8316666666666667 0.44916666666666666 0.08333333333333333 0.08166666666666667
0 0.6683333333333333 0.4791666666666667 0.08666666666666667 0.08333333333333333
0 0.7716666666666666 0.5991666666666666 0.10833333333333334 0.09666666666666666
0 0.93 0.7466666666666667 0.09333333333333334 0.10833333333333334
0 0.9125 0.8991666666666667 0.08166666666666667 0.08833333333333333
0 0.7616666666666667 0.8266666666666667 0.11666666666666667 0.12
0 0.6491666666666667 0.9616666666666667 0.11166666666666666 0.07666666666666666
0 0.49083333333333334 0.5908333333333333 0.14 0.11833333333333333
0 0.26666666666666666 0.4675 0.12833333333333333 0.09
0 0.1425 0.385 0.095 0.07
0 0.08666666666666667 0.20416666666666666 0.07666666666666666 0.075