0 0.5441666666666667 0.049166666666666664 0.15833333333333333 0.09833333333333333
0 0.1025 0.275 0.16833333333333333 0.135
0 0.1875 0.5808333333333333 0.17833333333333334 0.12
0 0.43916666666666665 0.36833333333333335 0.135 0.12333333333333334
0 0.6208333333333333 0.20583333333333334 0.165 0.15166666666666667
0 0.9383333333333334 0.1475 0.12333333333333334 0.18166666666666667
0 0.9541666666666667 0.30333333333333334 0.09166666666666666 0.12
0 0.9716666666666667 0.4325 0.056666666666666664 0.135
0 0.7216666666666667 0.37333333333333335 0.11333333333333333 0.14666666666666667
0 0.7366666666666667 0.5216666666666666 0.15 0.135
0 0.7908333333333334 0.7058333333333333 0.16166666666666665 0.15666666666666668
0 0.5041666666666667 0.79 0.17333333333333334 0.16
0 0.3416666666666667 0.8675 0.145 0.13