0 0.825 0.17583333333333334 0.23666666666666666 0.13166666666666665
0 0.835 0.8333333333333334 0.07166666666666667 0.075
0 0.7891666666666667 0.6975 0.14333333333333334 0.105
0 0.6116666666666667 0.7258333333333333 0.11666666666666667 0.08833333333333333
0 0.5441666666666667 0.8916666666666667 0.07 0.07333333333333333
0 0.27666666666666667 0.7883333333333333 0.105 0.125
0 0.23333333333333334 0.6016666666666667 0.10833333333333334 0.11333333333333333
0 0.41083333333333333 0.5533333333333333 0.12 0.09833333333333333
0 0.5175 0.25333333333333335 0.12333333333333334 0.1
0 0.21583333333333332 0.4191666666666667 0.09333333333333334 0.07166666666666667
0 0.17666666666666667 0.24083333333333334 0.09333333333333334 0.13
0 0.33166666666666667 0.1425 0.165 0.115
0 0.14916666666666667 0.0675 0.09833333333333333 0.135