0 0.8733333333333333 0.8641666666666666 0.12166666666666667 0.11833333333333333
0 0.6575 0.8 0.13333333333333333 0.09
0 0.41583333333333333 0.8466666666666667 0.135 0.08666666666666667
0 0.18 0.8466666666666667 0.14333333333333334 0.07833333333333334
0 0.19166666666666668 0.52 0.12166666666666667 0.10666666666666667
0 0.4583333333333333 0.5183333333333333 0.125 0.08166666666666667
0 0.3983333333333333 0.18666666666666668 0.10833333333333334 0.065
0 0.05416666666666667 0.19333333333333333 0.07333333333333333 0.10833333333333334
0 0.7633333333333333 0.275 0.11333333333333333 0.125
0 0.99 0.27166666666666667 0.02 0.07666666666666666
0 0.7175 0.51 0.11166666666666666 0.105
0 0.9366666666666666 0.5408333333333334 0.12666666666666668 0.07833333333333334