0 0.7866666666666666 0.7566666666666667 0.11833333333333333 0.11166666666666666
0 0.7675 0.575 0.12666666666666668 0.09333333333333334
0 0.7466666666666667 0.3983333333333333 0.10666666666666667 0.065
0 0.5075 0.7858333333333334 0.1 0.115
0 0.5 0.5408333333333334 0.11166666666666666 0.08166666666666667
0 0.485 0.37083333333333335 0.11666666666666667 0.095
0 0.12916666666666668 0.07916666666666666 0.11666666666666667 0.10166666666666667
0 0.13583333333333333 0.25416666666666665 0.135 0.11
0 0.16 0.6258333333333334 0.135 0.095
0 0.15916666666666668 0.43166666666666664 0.135 0.095
0 0.17833333333333334 0.7875 0.11166666666666666 0.12833333333333333