0 0.125 0.9791666666666666 0.13666666666666666 0.041666666666666664
0 0.405 0.9758333333333333 0.09666666666666666 0.04833333333333333
0 0.28583333333333333 0.9208333333333333 0.10333333333333333 0.08333333333333333
0 0.18333333333333332 0.8391666666666666 0.13333333333333333 0.11
0 0.04083333333333333 0.6391666666666667 0.06333333333333334 0.08333333333333333
0 0.2758333333333333 0.44166666666666665 0.095 0.13166666666666665
0 0.385 0.23666666666666666 0.12833333333333333 0.14833333333333334
0 0.10666666666666667 0.09 0.10166666666666667 0.1
0 0.6241666666666666 0.36333333333333334 0.11666666666666667 0.09166666666666666
0 0.57 0.6566666666666666 0.14 0.12
0 0.7683333333333333 0.7858333333333334 0.09833333333333333 0.12333333333333334
0 0.8058333333333333 0.6208333333333333 0.10833333333333334 0.1
0 0.8991666666666667 0.38416666666666666 0.12 0.13333333333333333