0 0.0975 0.1675 0.16333333333333333 0.16666666666666666
0 0.4708333333333333 0.305 0.105 0.08833333333333333
0 0.5808333333333333 0.29833333333333334 0.04833333333333333 0.041666666666666664
0 0.755 0.18083333333333335 0.11 0.08666666666666667
0 0.9475 0.135 0.06166666666666667 0.04833333333333333
0 0.8933333333333333 0.5175 0.11333333333333333 0.07166666666666667
0 0.655 0.5133333333333333 0.075 0.08833333333333333
0 0.4791666666666667 0.5941666666666666 0.06666666666666667 0.07333333333333333
0 0.41 0.5341666666666667 0.045 0.06833333333333333
0 0.2866666666666667 0.585 0.14333333333333334 0.085
0 0.0775 0.6558333333333334 0.13166666666666665 0.10166666666666667