0 0.495 0.155 0.19333333333333333 0.11666666666666667
0 0.73 0.21166666666666667 0.14833333333333334 0.08833333333333333
0 0.9216666666666666 0.2575 0.14166666666666666 0.12833333333333333
0 0.8383333333333334 0.49333333333333335 0.1 0.075
0 0.9658333333333333 0.5358333333333334 0.06833333333333333 0.051666666666666666
0 0.8941666666666667 0.8766666666666667 0.10666666666666667 0.10666666666666667
0 0.7516666666666667 0.8375 0.12666666666666668 0.06833333333333333
0 0.5683333333333334 0.775 0.14666666666666667 0.09333333333333334
0 0.35083333333333333 0.9541666666666667 0.14833333333333334 0.07666666666666666
0 0.17833333333333334 0.905 0.14833333333333334 0.08666666666666667
0 0.0825 0.6183333333333333 0.13166666666666665 0.12
0 0.245 0.6591666666666667 0.135 0.145
0 0.35833333333333334 0.3408333333333333 0.135 0.08166666666666667
0 0.1675 0.28583333333333333 0.105 0.06833333333333333
0 0.24833333333333332 0.04 0.10333333333333333 0.08
0 0.12166666666666667 0.035833333333333335 0.10333333333333333 0.07166666666666667