0 0.1 0.8416666666666667 0.06 0.04
0 0.22583333333333333 0.48333333333333334 0.03833333333333333 0.06
0 0.3458333333333333 0.5183333333333333 0.055 0.03666666666666667
0 0.435 0.5275 0.06166666666666667 0.05333333333333334
0 0.15916666666666668 0.12916666666666668 0.105 0.06333333333333334
0 0.28583333333333333 0.24 0.056666666666666664 0.05333333333333334
0 0.265 0.3566666666666667 0.051666666666666666 0.03833333333333333
0 0.31833333333333336 0.14166666666666666 0.06833333333333333 0.045
0 0.3858333333333333 0.37583333333333335 0.06166666666666667 0.04666666666666667
0 0.6458333333333334 0.30833333333333335 0.058333333333333334 0.03833333333333333
0 0.8158333333333333 0.2525 0.05 0.03333333333333333
0 0.7558333333333334 0.3591666666666667 0.055 0.056666666666666664
0 0.7341666666666666 0.4575 0.03666666666666667 0.043333333333333335
0 0.6941666666666667 0.6483333333333333 0.056666666666666664 0.05
0 0.6791666666666667 0.7591666666666667 0.06666666666666667 0.04
0 0.5575 0.8716666666666667 0.07666666666666666 0.05333333333333334
0 0.7316666666666667 0.9433333333333334 0.075 0.045
0 0.6458333333333334 0.9075 0.05333333333333334 0.023333333333333334
0 0.835 0.7991666666666667 0.055 0.06166666666666667
0 0.9841666666666666 0.38166666666666665 0.03166666666666667 0.04
0 0.5025 0.7041666666666667 0.085 0.07
0 0.7166666666666667 0.8775 0.07166666666666667 0.06333333333333334
0 0.43833333333333335 0.03666666666666667 0.028333333333333332 0.065
0 0.5241666666666667 0.49083333333333334 0.07833333333333334 0.041666666666666664
0 0.5116666666666667 0.4091666666666667 0.1 0.06166666666666667
0 0.7883333333333333 0.6775 0.056666666666666664 0.06166666666666667
0 0.8616666666666667 0.5058333333333334 0.06 0.04833333333333333
0 0.86 0.3325 0.043333333333333335 0.06833333333333333
0 0.35833333333333334 0.165 0.03666666666666667 0.07166666666666667
0 0.6491666666666667 0.12583333333333332 0.058333333333333334 0.04833333333333333
0 0.45166666666666666 0.5741666666666667 0.07666666666666666 0.058333333333333334
0 0.4225 0.965 0.105 0.03
0 0.7825 0.7808333333333334 0.06666666666666667 0.06666666666666667