0 0.7325 0.8066666666666666 0.12 0.11333333333333333
0 0.7483333333333333 0.625 0.12833333333333333 0.095
0 0.7616666666666667 0.4475 0.10833333333333334 0.06666666666666667
0 0.4533333333333333 0.7825 0.10166666666666667 0.11666666666666667
0 0.49166666666666664 0.54 0.11333333333333333 0.08333333333333333
0 0.51 0.37083333333333335 0.11833333333333333 0.09666666666666666
0 0.21583333333333332 0.03333333333333333 0.11833333333333333 0.06666666666666667
0 0.19 0.18916666666666668 0.13666666666666666 0.11333333333333333
0 0.1425 0.5591666666666667 0.135 0.09666666666666666
0 0.17833333333333334 0.36833333333333335 0.13666666666666666 0.09666666666666666
0 0.12916666666666668 0.7208333333333333 0.11333333333333333 0.13