0 0.9566666666666667 0.7475 0.08666666666666667 0.08833333333333333
0 0.9375 0.6225 0.125 0.12833333333333333
0 0.9291666666666667 0.46416666666666667 0.11333333333333333 0.12166666666666667
0 0.6866666666666666 0.675 0.1 0.07666666666666666
0 0.5483333333333333 0.7166666666666667 0.095 0.08833333333333333
0 0.31833333333333336 0.7841666666666667 0.18166666666666667 0.135
0 0.0975 0.8241666666666667 0.10166666666666667 0.13333333333333333
0 0.04833333333333333 0.43666666666666665 0.09666666666666666 0.17333333333333334
0 0.24583333333333332 0.33916666666666667 0.14666666666666667 0.105
0 0.46416666666666667 0.31916666666666665 0.12166666666666667 0.105
0 0.62 0.33666666666666667 0.13166666666666665 0.12833333333333333
0 0.42833333333333334 0.06 0.26 0.12
0 0.19916666666666666 0.10333333333333333 0.10333333333333333 0.11333333333333333
0 0.020833333333333332 0.15583333333333332 0.041666666666666664 0.13166666666666665