0 0.0225 0.08083333333333333 0.045 0.105
0 0.0975 0.2975 0.10166666666666667 0.11166666666666666
0 0.25666666666666665 0.10083333333333333 0.11 0.12333333333333334
0 0.5058333333333334 0.08666666666666667 0.10333333333333333 0.09166666666666666
0 0.4533333333333333 0.37416666666666665 0.12 0.11666666666666667
0 0.7816666666666666 0.3258333333333333 0.15833333333333333 0.17666666666666667
0 0.9133333333333333 0.455 0.13333333333333333 0.09166666666666666
0 0.305 0.5541666666666667 0.11833333333333333 0.13
0 0.20833333333333334 0.7416666666666667 0.11333333333333333 0.115
0 0.5475 0.6208333333333333 0.18833333333333332 0.15833333333333333
0 0.6458333333333334 0.7816666666666666 0.1 0.13166666666666665
0 0.7608333333333334 0.91 0.10833333333333334 0.125
0 0.9875 0.6783333333333333 0.025 0.09666666666666666
0 0.96 0.8108333333333333 0.058333333333333334 0.06333333333333334