0 0.8791666666666667 0.3375 0.135 0.11833333333333333
0 0.5166666666666667 0.21083333333333334 0.06666666666666667 0.08666666666666667
0 0.6008333333333333 0.4041666666666667 0.10833333333333334 0.06666666666666667
0 0.6816666666666666 0.5441666666666667 0.08166666666666667 0.105
0 0.7066666666666667 0.6508333333333334 0.03666666666666667 0.06333333333333334
0 0.7933333333333333 0.7758333333333334 0.051666666666666666 0.075
0 0.9141666666666667 0.8916666666666667 0.06833333333333333 0.043333333333333335
0 0.4866666666666667 0.9375 0.08166666666666667 0.07333333333333333
0 0.39666666666666667 0.8108333333333333 0.10166666666666667 0.085
0 0.53 0.6775 0.07666666666666666 0.085
0 0.4866666666666667 0.5733333333333334 0.06 0.07666666666666666
0 0.23833333333333334 0.6075 0.08 0.08333333333333333
0 0.3591666666666667 0.44333333333333336 0.06833333333333333 0.06666666666666667
0 0.19083333333333333 0.4375 0.06666666666666667 0.06833333333333333
0 0.29 0.3175 0.115 0.08666666666666667
0 0.2525 0.225 0.06666666666666667 0.065