0 0.885 0.035833333333333335 0.07666666666666666 0.07166666666666667
0 0.7708333333333334 0.029166666666666667 0.11166666666666666 0.058333333333333334
0 0.5408333333333334 0.08333333333333333 0.13666666666666666 0.12
0 0.5275 0.32166666666666666 0.13333333333333333 0.11833333333333333
0 0.6066666666666667 0.465 0.12333333333333334 0.125
0 0.8658333333333333 0.20083333333333334 0.14666666666666667 0.15666666666666668
0 0.8566666666666667 0.365 0.12833333333333333 0.12
0 0.865 0.5308333333333334 0.12 0.15333333333333332
0 0.6025 0.6191666666666666 0.12166666666666667 0.105
0 0.9191666666666667 0.7058333333333333 0.10833333333333334 0.125
0 0.745 0.855 0.15666666666666668 0.21166666666666667
0 0.415 0.9733333333333334 0.13333333333333333 0.05333333333333334
0 0.3725 0.8308333333333333 0.15 0.15666666666666668
0 0.21833333333333332 0.6258333333333334 0.15 0.13333333333333333
0 0.12833333333333333 0.9033333333333333 0.11333333333333333 0.105
0 0.21166666666666667 0.965 0.13 0.07
0 0.050833333333333335 0.6783333333333333 0.075 0.13666666666666666