0 0.9291666666666667 0.8808333333333334 0.14166666666666666 0.07833333333333334
0 0.8025 0.8091666666666667 0.07666666666666666 0.07
0 0.5141666666666667 0.7766666666666666 0.10666666666666667 0.085
0 0.405 0.7766666666666666 0.058333333333333334 0.055
0 0.7166666666666667 0.5366666666666666 0.14666666666666667 0.10166666666666667
0 0.875 0.4266666666666667 0.15333333333333332 0.06833333333333333
0 0.8516666666666667 0.14833333333333334 0.06833333333333333 0.055
0 0.665 0.17916666666666667 0.07833333333333334 0.10166666666666667
0 0.22333333333333333 0.33 0.09666666666666666 0.11
0 0.11 0.16666666666666666 0.09666666666666666 0.08833333333333333
0 0.36 0.54 0.08 0.08
0 0.44 0.6375 0.06 0.06666666666666667
0 0.6908333333333333 0.6591666666666667 0.06333333333333334 0.055