0 0.11833333333333333 0.2941666666666667 0.08166666666666667 0.075
0 0.08833333333333333 0.37166666666666665 0.04666666666666667 0.043333333333333335
0 0.10833333333333334 0.4533333333333333 0.08333333333333333 0.04833333333333333
0 0.23333333333333334 0.48 0.07333333333333333 0.05333333333333334
0 0.2675 0.4 0.08833333333333333 0.07
0 0.39916666666666667 0.20333333333333334 0.06333333333333334 0.06166666666666667
0 0.305 0.19083333333333333 0.06333333333333334 0.07333333333333333
0 0.29583333333333334 0.8241666666666667 0.065 0.07
0 0.365 0.8425 0.055 0.09333333333333334
0 0.44166666666666665 0.86 0.06 0.06666666666666667
0 0.525 0.8875 0.05333333333333334 0.075
0 0.8083333333333333 0.9741666666666666 0.08 0.051666666666666666
0 0.6633333333333333 0.9875 0.11333333333333333 0.025
0 0.6691666666666667 0.9316666666666666 0.056666666666666664 0.05
0 0.6791666666666667 0.8466666666666667 0.07666666666666666 0.07
0 0.6816666666666666 0.7691666666666667 0.07166666666666667 0.07166666666666667
0 0.73 0.6575 0.06833333333333333 0.06166666666666667
0 0.7325 0.5933333333333334 0.06666666666666667 0.04
0 0.8708333333333333 0.61 0.08666666666666667 0.075
0 0.8916666666666667 0.5341666666666667 0.06166666666666667 0.065
0 0.9066666666666666 0.4691666666666667 0.04833333333333333 0.03833333333333333
0 0.9841666666666666 0.125 0.03166666666666667 0.06666666666666667
0 0.4125 0.595 0.043333333333333335 0.04
0 0.4225 0.51 0.041666666666666664 0.051666666666666666
0 0.44 0.35833333333333334 0.06333333333333334 0.051666666666666666
0 0.46416666666666667 0.22333333333333333 0.035 0.05333333333333334
0 0.5383333333333333 0.25166666666666665 0.03333333333333333 0.03166666666666667
0 0.6158333333333333 0.25833333333333336 0.058333333333333334 0.06
0 0.6816666666666666 0.2683333333333333 0.021666666666666667 0.03333333333333333
0 0.755 0.28833333333333333 0.04 0.058333333333333334
0 0.8358333333333333 0.29833333333333334 0.041666666666666664 0.06
0 0.895 0.31666666666666665 0.04666666666666667 0.058333333333333334