0 0.04416666666666667 0.6908333333333333 0.08833333333333333 0.13833333333333334
0 0.035833333333333335 0.2816666666666667 0.051666666666666666 0.17
0 0.2925 0.26 0.11666666666666667 0.10333333333333333
0 0.5666666666666667 0.2833333333333333 0.175 0.12166666666666667
0 0.46 0.38166666666666665 0.06166666666666667 0.07
0 0.28 0.7216666666666667 0.10166666666666667 0.07166666666666667
0 0.4216666666666667 0.6866666666666666 0.058333333333333334 0.08166666666666667
0 0.5483333333333333 0.7283333333333334 0.18833333333333332 0.13666666666666666
0 0.7941666666666667 0.7225 0.155 0.12833333333333333
0 0.8366666666666667 0.32416666666666666 0.165 0.15666666666666668
0 0.7316666666666667 0.49 0.028333333333333332 0.03