0 0.058333333333333334 0.09416666666666666 0.11666666666666667 0.09833333333333333
0 0.37 0.2275 0.14666666666666667 0.15166666666666667
0 0.5208333333333334 0.3475 0.11166666666666666 0.115
0 0.8266666666666667 0.35833333333333334 0.12333333333333334 0.11166666666666666
0 0.6291666666666667 0.5041666666666667 0.11 0.13
0 0.9475 0.5366666666666666 0.105 0.11333333333333333
0 0.935 0.7608333333333334 0.12333333333333334 0.085
0 0.7808333333333334 0.7491666666666666 0.06166666666666667 0.05
0 0.5333333333333333 0.9483333333333334 0.15666666666666668 0.10333333333333333
0 0.3225 0.925 0.13333333333333333 0.12166666666666667
0 0.13333333333333333 0.7608333333333334 0.13166666666666665 0.10166666666666667