0 0.18 0.8041666666666667 0.12 0.13666666666666666
0 0.09083333333333334 0.6141666666666666 0.09333333333333334 0.09833333333333333
0 0.18583333333333332 0.1125 0.13166666666666665 0.11
0 0.0675 0.04666666666666667 0.04 0.08333333333333333
0 0.245 0.3075 0.09666666666666666 0.115
0 0.38333333333333336 0.4766666666666667 0.11833333333333333 0.15333333333333332
0 0.49416666666666664 0.6625 0.18 0.24666666666666667
0 0.5658333333333333 0.8916666666666667 0.23333333333333334 0.135
0 0.43 0.03666666666666667 0.19333333333333333 0.07333333333333333
0 0.5983333333333334 0.2733333333333333 0.135 0.10833333333333334
0 0.9108333333333334 0.5483333333333333 0.14333333333333334 0.14
0 0.8733333333333333 0.28 0.20333333333333334 0.2833333333333333