0 0.6666666666666666 0.018333333333333333 0.08333333333333333 0.03666666666666667
0 0.9316666666666666 0.04416666666666667 0.06666666666666667 0.08833333333333333
0 0.8108333333333333 0.14833333333333334 0.08833333333333333 0.095
0 0.4891666666666667 0.16083333333333333 0.14166666666666666 0.13833333333333334
0 0.715 0.26916666666666667 0.08666666666666667 0.10166666666666667
0 0.97 0.42 0.058333333333333334 0.1
0 0.895 0.54 0.175 0.11333333333333333
0 0.965 0.9 0.07 0.12666666666666668
0 0.7058333333333333 0.615 0.095 0.08166666666666667
0 0.5733333333333334 0.6675 0.11333333333333333 0.09
0 0.5491666666666667 0.3775 0.10666666666666667 0.10666666666666667
0 0.4125 0.5108333333333334 0.10666666666666667 0.125
0 0.25166666666666665 0.345 0.115 0.11166666666666666
0 0.06833333333333333 0.47333333333333333 0.13666666666666666 0.17
0 0.25416666666666665 0.7058333333333333 0.11 0.11166666666666666
0 0.345 0.9325 0.14166666666666666 0.135
0 0.07083333333333333 0.8466666666666667 0.07833333333333334 0.11333333333333333
0 0.14166666666666666 0.9266666666666666 0.08833333333333333 0.06166666666666667