0 0.6075 0.7641666666666667 0.09666666666666666 0.11333333333333333
0 0.43166666666666664 0.7783333333333333 0.09 0.08666666666666667
0 0.32416666666666666 0.9483333333333334 0.10833333333333334 0.065
0 0.11666666666666667 0.9408333333333333 0.105 0.06333333333333334
0 0.2275 0.7008333333333333 0.09833333333333333 0.115
0 0.0375 0.7183333333333334 0.075 0.09333333333333334
0 0.15 0.43833333333333335 0.09666666666666666 0.06333333333333334
0 0.37333333333333335 0.48 0.07166666666666667 0.051666666666666666
0 0.775 0.585 0.11 0.09
0 0.9191666666666667 0.72 0.12 0.07166666666666667
0 0.585 0.4691666666666667 0.08666666666666667 0.07833333333333334
0 0.9075 0.37833333333333335 0.11833333333333333 0.07833333333333334
0 0.8308333333333333 0.20333333333333334 0.08833333333333333 0.125
0 0.5766666666666667 0.18583333333333332 0.11166666666666666 0.08333333333333333
0 0.3425 0.25666666666666665 0.11666666666666667 0.06166666666666667
0 0.14 0.24166666666666667 0.10333333333333333 0.08666666666666667
0 0.15 0.029166666666666667 0.14 0.058333333333333334
0 0.31583333333333335 0.024166666666666666 0.085 0.04833333333333333