0 0.9458333333333333 0.5825 0.10166666666666667 0.07
0 0.9116666666666666 0.8483333333333334 0.07333333333333333 0.056666666666666664
0 0.5741666666666667 0.8916666666666667 0.155 0.08
0 0.6225 0.5716666666666667 0.08333333333333333 0.06166666666666667
0 0.7966666666666666 0.48583333333333334 0.08166666666666667 0.05333333333333334
0 0.93 0.3458333333333333 0.10166666666666667 0.04666666666666667
0 0.5566666666666666 0.4083333333333333 0.08666666666666667 0.041666666666666664
0 0.37166666666666665 0.6191666666666666 0.058333333333333334 0.12666666666666668
0 0.33416666666666667 0.8033333333333333 0.07833333333333334 0.04666666666666667
0 0.39916666666666667 0.9225 0.10166666666666667 0.07
0 0.23833333333333334 0.9233333333333333 0.06333333333333334 0.06333333333333334
0 0.09583333333333334 0.9633333333333334 0.085 0.07333333333333333
0 0.145 0.5866666666666667 0.08833333333333333 0.043333333333333335
0 0.32166666666666666 0.4508333333333333 0.07 0.06666666666666667
0 0.35333333333333333 0.3475 0.08166666666666667 0.07166666666666667
0 0.37083333333333335 0.16583333333333333 0.085 0.05
0 0.2275 0.14916666666666667 0.06666666666666667 0.058333333333333334
0 0.09416666666666666 0.15 0.09166666666666666 0.05333333333333334
0 0.7791666666666667 0.15916666666666668 0.058333333333333334 0.07166666666666667
0 0.7941666666666667 0.2833333333333333 0.075 0.10666666666666667
0 0.15 0.45416666666666666 0.058333333333333334 0.07
0 0.1475 0.32916666666666666 0.055 0.07
0 0.5983333333333334 0.06666666666666667 0.06166666666666667 0.08833333333333333
0 0.6025 0.23416666666666666 0.08166666666666667 0.09833333333333333
0 0.6291666666666667 0.7091666666666666 0.085 0.058333333333333334