0 0.7541666666666667 0.0175 0.09166666666666666 0.035
0 0.8825 0.10833333333333334 0.07833333333333334 0.09166666666666666
0 0.8483333333333334 0.5025 0.09333333333333334 0.09666666666666666
0 0.7333333333333333 0.36833333333333335 0.15333333333333332 0.14833333333333334
0 0.61 0.2175 0.09666666666666666 0.09666666666666666
0 0.45666666666666667 0.1 0.135 0.14166666666666666
0 0.5441666666666667 0.37916666666666665 0.18166666666666667 0.135
0 0.03 0.20916666666666667 0.06 0.14833333333333334
0 0.30916666666666665 0.4725 0.12166666666666667 0.10333333333333333
0 0.19916666666666666 0.2875 0.12 0.10833333333333334
0 0.030833333333333334 0.475 0.06166666666666667 0.07
0 0.12083333333333333 0.6275 0.11166666666666666 0.09666666666666666
0 0.2633333333333333 0.745 0.10666666666666667 0.12
0 0.14583333333333334 0.99 0.07166666666666667 0.02
0 0.4975 0.9208333333333333 0.15833333333333333 0.15833333333333333
0 0.35583333333333333 0.8233333333333334 0.075 0.065
0 0.5375 0.65 0.09333333333333334 0.09