0 0.9483333333333334 0.225 0.065 0.04833333333333333
0 0.8333333333333334 0.22333333333333333 0.058333333333333334 0.05
0 0.7683333333333333 0.5591666666666667 0.04666666666666667 0.06333333333333334
0 0.655 0.5058333333333334 0.06 0.043333333333333335
0 0.5683333333333334 0.4825 0.06833333333333333 0.06166666666666667
0 0.8983333333333333 0.8483333333333334 0.09 0.08666666666666667
0 0.7791666666666667 0.9191666666666667 0.11166666666666666 0.07833333333333334
0 0.6708333333333333 0.79 0.06333333333333334 0.06
0 0.71 0.6783333333333333 0.055 0.045
0 0.6241666666666666 0.8825 0.07333333333333333 0.055
0 0.5933333333333334 0.6408333333333334 0.06833333333333333 0.055
0 0.43666666666666665 0.8166666666666667 0.06166666666666667 0.043333333333333335
0 0.3258333333333333 0.6666666666666666 0.06166666666666667 0.04666666666666667
0 0.3025 0.7658333333333334 0.06833333333333333 0.058333333333333334
0 0.14916666666666667 0.695 0.05333333333333334 0.04
0 0.006666666666666667 0.6441666666666667 0.013333333333333334 0.051666666666666666
0 0.225 0.5991666666666666 0.06166666666666667 0.06333333333333334
0 0.2625 0.505 0.043333333333333335 0.04833333333333333
0 0.29 0.41833333333333333 0.04666666666666667 0.058333333333333334
0 0.33166666666666667 0.3233333333333333 0.06333333333333334 0.058333333333333334
0 0.3641666666666667 0.21583333333333332 0.07 0.05
0 0.5016666666666667 0.12416666666666666 0.08333333333333333 0.065
0 0.34 0.02666666666666667 0.08 0.05333333333333334
0 0.42 0.07416666666666667 0.055 0.03166666666666667
0 0.21583333333333332 0.1525 0.06333333333333334 0.06833333333333333
0 0.12083333333333333 0.26416666666666666 0.1 0.10666666666666667
0 0.01 0.5391666666666667 0.02 0.045