0 0.11083333333333334 0.6583333333333333 0.15833333333333333 0.10666666666666667
0 0.059166666666666666 0.5258333333333334 0.055 0.08333333333333333
0 0.40166666666666667 0.4166666666666667 0.11 0.07333333333333333
0 0.36833333333333335 0.32166666666666666 0.12666666666666668 0.05
0 0.31416666666666665 0.2425 0.06833333333333333 0.08
0 0.3675 0.67 0.15333333333333332 0.11833333333333333
0 0.405 0.9 0.09666666666666666 0.07666666666666666
0 0.5783333333333334 0.86 0.11833333333333333 0.08166666666666667
0 0.5916666666666667 0.5716666666666667 0.09166666666666666 0.08833333333333333
0 0.5716666666666667 0.3775 0.10166666666666667 0.10666666666666667
0 0.9341666666666667 0.47333333333333333 0.13166666666666665 0.08666666666666667
0 0.6391666666666667 0.2025 0.12333333333333334 0.14333333333333334