0 0.7758333333333334 0.15083333333333335 0.085 0.06666666666666667
0 0.945 0.7625 0.06666666666666667 0.07333333333333333
0 0.8325 0.8958333333333334 0.07 0.06
0 0.6633333333333333 0.7183333333333334 0.075 0.05
0 0.875 0.5108333333333334 0.07333333333333333 0.06666666666666667
0 0.93 0.4125 0.08666666666666667 0.05
0 0.7858333333333334 0.33166666666666667 0.056666666666666664 0.035
0 0.5508333333333333 0.13083333333333333 0.07166666666666667 0.05333333333333334
0 0.5883333333333334 0.4583333333333333 0.06 0.045
0 0.4216666666666667 0.42083333333333334 0.08 0.04833333333333333
0 0.3425 0.185 0.105 0.08833333333333333
0 0.32666666666666666 0.38916666666666666 0.06333333333333334 0.04833333333333333
0 0.4825 0.6708333333333333 0.075 0.065
0 0.17666666666666667 0.31916666666666665 0.09166666666666666 0.06666666666666667
0 0.043333333333333335 0.3075 0.04666666666666667 0.041666666666666664
0 0.0375 0.5541666666666667 0.075 0.10166666666666667
0 0.30583333333333335 0.6225 0.09833333333333333 0.08666666666666667
0 0.1725 0.7766666666666666 0.09833333333333333 0.08333333333333333