0 0.13583333333333333 0.08333333333333333 0.16 0.10833333333333334
0 0.3383333333333333 0.07416666666666667 0.135 0.14833333333333334
0 0.535 0.09416666666666666 0.125 0.125
0 0.6866666666666666 0.11833333333333333 0.125 0.10166666666666667
0 0.8391666666666666 0.1025 0.08666666666666667 0.125
0 0.8366666666666667 0.4691666666666667 0.11166666666666666 0.08666666666666667
0 0.6883333333333334 0.46 0.13166666666666665 0.056666666666666664
0 0.5133333333333333 0.4558333333333333 0.07666666666666666 0.13166666666666665
0 0.37583333333333335 0.44166666666666665 0.085 0.10833333333333334
0 0.19416666666666665 0.43333333333333335 0.12666666666666668 0.06666666666666667
0 0.18916666666666668 0.55 0.05333333333333334 0.041666666666666664
0 0.14666666666666667 0.8616666666666667 0.105 0.04833333333333333
0 0.3491666666666667 0.85 0.13333333333333333 0.08333333333333333
0 0.51 0.9066666666666666 0.10833333333333334 0.06333333333333334
0 0.6641666666666667 0.9158333333333334 0.12833333333333333 0.08166666666666667
0 0.8333333333333334 0.9358333333333333 0.10666666666666667 0.058333333333333334
0 0.9583333333333334 0.9275 0.08166666666666667 0.095
0 0.9758333333333333 0.47333333333333333 0.04833333333333333 0.06333333333333334