0 0.8208333333333333 0.7208333333333333 0.16333333333333333 0.17333333333333334
0 0.6133333333333333 0.7158333333333333 0.12833333333333333 0.13666666666666666
0 0.39666666666666667 0.7125 0.165 0.135
0 0.023333333333333334 0.7025 0.04666666666666667 0.135
0 0.2916666666666667 0.44 0.17833333333333334 0.19166666666666668
0 0.4875 0.40166666666666667 0.17333333333333334 0.17833333333333334
0 0.7025 0.40166666666666667 0.16166666666666665 0.17666666666666667
0 0.8883333333333333 0.4075 0.14833333333333334 0.16
0 0.7958333333333333 0.0925 0.12666666666666668 0.09666666666666666
0 0.5875 0.08 0.14166666666666666 0.12166666666666667
0 0.3958333333333333 0.08916666666666667 0.13666666666666666 0.17333333333333334
0 0.18 0.10333333333333333 0.20333333333333334 0.16833333333333333