0 0.05416666666666667 0.6341666666666667 0.09333333333333334 0.08333333333333333
0 0.21916666666666668 0.5641666666666667 0.18333333333333332 0.065
0 0.4375 0.495 0.12833333333333333 0.09
0 0.125 0.21583333333333332 0.15833333333333333 0.1
0 0.36666666666666664 0.11166666666666666 0.11666666666666667 0.06666666666666667
0 0.6 0.07166666666666667 0.06 0.07833333333333334
0 0.66 0.4166666666666667 0.21166666666666667 0.115
0 0.8675 0.3125 0.15833333333333333 0.13666666666666666
0 0.9383333333333334 0.6541666666666667 0.12333333333333334 0.115
0 0.7241666666666666 0.7066666666666667 0.008333333333333333 0.006666666666666667
0 0.8 0.7383333333333333 0.14166666666666666 0.07166666666666667
0 0.6316666666666667 0.8341666666666666 0.16666666666666666 0.12666666666666668
0 0.4266666666666667 0.8883333333333333 0.17166666666666666 0.12833333333333333
0 0.23416666666666666 0.9333333333333333 0.14166666666666666 0.065
0 0.065 0.9558333333333333 0.08666666666666667 0.056666666666666664