0 0.8641666666666666 0.06583333333333333 0.04 0.03333333333333333
0 0.9641666666666666 0.4658333333333333 0.028333333333333332 0.03
0 0.7141666666666666 0.5825 0.041666666666666664 0.03833333333333333
0 0.7058333333333333 0.6683333333333333 0.045 0.09
0 0.6241666666666666 0.31333333333333335 0.02666666666666667 0.04666666666666667
0 0.035833333333333335 0.5333333333333333 0.045 0.056666666666666664
0 0.275 0.8408333333333333 0.041666666666666664 0.05
0 0.2808333333333333 0.7591666666666667 0.041666666666666664 0.043333333333333335
0 0.35833333333333334 0.7216666666666667 0.03833333333333333 0.041666666666666664
0 0.46416666666666667 0.7575 0.045 0.045
0 0.7 0.9083333333333333 0.056666666666666664 0.058333333333333334
0 0.016666666666666666 0.6858333333333333 0.03333333333333333 0.06166666666666667
0 0.16333333333333333 0.535 0.041666666666666664 0.04833333333333333
0 0.17333333333333334 0.46 0.023333333333333334 0.043333333333333335
0 0.3416666666666667 0.4658333333333333 0.03 0.025
0 0.7533333333333333 0.16583333333333333 0.055 0.041666666666666664
0 0.9725 0.35833333333333334 0.03333333333333333 0.043333333333333335