0 0.7 0.8791666666666667 0.14166666666666666 0.23166666666666666
0 0.4033333333333333 0.8366666666666667 0.1 0.14166666666666666
0 0.22333333333333333 0.9075 0.12333333333333334 0.185
0 0.20833333333333334 0.5433333333333333 0.225 0.215
0 0.21666666666666667 0.18916666666666668 0.27166666666666667 0.2783333333333333
0 0.6308333333333334 0.41 0.13833333333333334 0.10333333333333333
0 0.7808333333333334 0.5316666666666666 0.06666666666666667 0.09666666666666666
0 0.8116666666666666 0.16666666666666666 0.12666666666666668 0.185
0 0.6216666666666667 0.07083333333333333 0.14833333333333334 0.07
0 0.44916666666666666 0.06 0.051666666666666666 0.056666666666666664
0 0.46 0.12833333333333333 0.03166666666666667 0.058333333333333334