0 0.12583333333333332 0.025833333333333333 0.15833333333333333 0.051666666666666666
0 0.26666666666666666 0.03833333333333333 0.12333333333333334 0.07666666666666666
0 0.4558333333333333 0.034166666666666665 0.135 0.06833333333333333
0 0.6866666666666666 0.06333333333333334 0.14666666666666667 0.10666666666666667
0 0.6916666666666667 0.4175 0.12333333333333334 0.16
0 0.5416666666666666 0.37083333333333335 0.12333333333333334 0.12333333333333334
0 0.34 0.32666666666666666 0.10166666666666667 0.13333333333333333
0 0.10583333333333333 0.6283333333333333 0.14166666666666666 0.18666666666666668
0 0.2816666666666667 0.7066666666666667 0.14 0.165
0 0.475 0.7375 0.135 0.17666666666666667
0 0.6983333333333334 0.735 0.15666666666666668 0.16833333333333333
0 0.12083333333333333 0.275 0.11333333333333333 0.16166666666666665