0 0.845 0.9816666666666667 0.12333333333333334 0.03666666666666667
0 0.8408333333333333 0.8825 0.125 0.11333333333333333
0 0.83 0.7216666666666667 0.10333333333333333 0.10666666666666667
0 0.7125 0.49666666666666665 0.09333333333333334 0.058333333333333334
0 0.6075 0.35833333333333334 0.10833333333333334 0.10666666666666667
0 0.605 0.13916666666666666 0.13166666666666665 0.105
0 0.3283333333333333 0.8016666666666666 0.09333333333333334 0.095
0 0.3383333333333333 0.4475 0.08 0.09333333333333334
0 0.16833333333333333 0.3883333333333333 0.09666666666666666 0.09166666666666666
0 0.30833333333333335 0.22333333333333333 0.09 0.07333333333333333
0 0.1275 0.19666666666666666 0.12333333333333334 0.18833333333333332