0 0.9091666666666667 0.44083333333333335 0.10666666666666667 0.125
0 0.8525 0.59 0.10333333333333333 0.10666666666666667
0 0.645 0.4658333333333333 0.11666666666666667 0.1
0 0.6341666666666667 0.6166666666666667 0.1 0.12333333333333334
0 0.8933333333333333 0.895 0.09 0.09666666666666666
0 0.785 0.8933333333333333 0.105 0.09833333333333333
0 0.6583333333333333 0.8766666666666667 0.1 0.09333333333333334
0 0.5233333333333333 0.905 0.10666666666666667 0.105
0 0.3308333333333333 0.8858333333333334 0.10833333333333334 0.08333333333333333
0 0.4125 0.64 0.09166666666666666 0.08
0 0.3858333333333333 0.48083333333333333 0.09666666666666666 0.095
0 0.37666666666666665 0.30333333333333334 0.13166666666666665 0.09833333333333333
0 0.365 0.11083333333333334 0.09833333333333333 0.09
0 0.12583333333333332 0.2725 0.11166666666666666 0.12
0 0.145 0.4608333333333333 0.07333333333333333 0.09666666666666666
0 0.09166666666666666 0.6158333333333333 0.09166666666666666 0.11166666666666666
0 0.125 0.7991666666666667 0.095 0.11666666666666667