0 0.29833333333333334 0.041666666666666664 0.17 0.08333333333333333
0 0.2791666666666667 0.15416666666666667 0.08833333333333333 0.08666666666666667
0 0.1225 0.3958333333333333 0.12 0.11
0 0.0775 0.5858333333333333 0.155 0.18833333333333332
0 0.23 0.7833333333333333 0.12833333333333333 0.11833333333333333
0 0.475 0.29583333333333334 0.09333333333333334 0.11833333333333333
0 0.37916666666666665 0.4375 0.15166666666666667 0.12666666666666668
0 0.56 0.6725 0.09333333333333334 0.09666666666666666
0 0.4683333333333333 0.8175 0.10166666666666667 0.1
0 0.7133333333333334 0.9125 0.12833333333333333 0.115
0 0.8491666666666666 0.6525 0.08333333333333333 0.12666666666666668
0 0.8841666666666667 0.5091666666666667 0.10166666666666667 0.11
0 0.715 0.23333333333333334 0.13166666666666665 0.09333333333333334
0 0.825 0.10416666666666667 0.08666666666666667 0.10166666666666667
0 0.9866666666666667 0.0325 0.02666666666666667 0.03166666666666667