0 0.11083333333333334 0.73 0.14166666666666666 0.1
0 0.21583333333333332 0.8541666666666666 0.1 0.07333333333333333
0 0.375 0.9066666666666666 0.11333333333333333 0.07666666666666666
0 0.655 0.9625 0.135 0.058333333333333334
0 0.9216666666666666 0.9158333333333334 0.09333333333333334 0.08166666666666667
0 0.6025 0.5025 0.07833333333333334 0.06166666666666667
0 0.4675 0.6175 0.085 0.08333333333333333
0 0.15833333333333333 0.5341666666666667 0.115 0.10333333333333333
0 0.30416666666666664 0.43333333333333335 0.13333333333333333 0.11166666666666666
0 0.5733333333333334 0.25333333333333335 0.15 0.09833333333333333
0 0.25833333333333336 0.16666666666666666 0.1 0.09333333333333334
0 0.9141666666666667 0.4125 0.08833333333333333 0.12333333333333334
0 0.9733333333333334 0.6266666666666667 0.05333333333333334 0.12