0 0.8975 0.3625 0.15666666666666668 0.1
0 0.9408333333333333 0.4975 0.051666666666666666 0.08166666666666667
0 0.5933333333333334 0.5883333333333334 0.10833333333333334 0.06833333333333333
0 0.6216666666666667 0.685 0.12666666666666668 0.043333333333333335
0 0.6725 0.7675 0.065 0.07666666666666666
0 0.6408333333333334 0.33666666666666667 0.15 0.11166666666666666
0 0.6158333333333333 0.10583333333333333 0.09333333333333334 0.07166666666666667
0 0.44083333333333335 0.13666666666666666 0.11666666666666667 0.07666666666666666
0 0.4125 0.4241666666666667 0.08833333333333333 0.085
0 0.4225 0.6191666666666666 0.09666666666666666 0.10333333333333333
0 0.06416666666666666 0.5033333333333333 0.12833333333333333 0.08
0 0.3458333333333333 0.79 0.11833333333333333 0.14