0 0.9833333333333333 0.61 0.03333333333333333 0.04666666666666667
0 0.8875 0.5525 0.07833333333333334 0.07
0 0.9183333333333333 0.7366666666666667 0.08 0.04833333333333333
0 0.9258333333333333 0.8825 0.06333333333333334 0.045
0 0.8341666666666666 0.895 0.1 0.07666666666666666
0 0.8183333333333334 0.7241666666666666 0.06666666666666667 0.08333333333333333
0 0.8016666666666666 0.5816666666666667 0.06333333333333334 0.08
0 0.7833333333333333 0.3875 0.07333333333333333 0.06333333333333334
0 0.8833333333333333 0.36666666666666664 0.06333333333333334 0.05333333333333334
0 0.6783333333333333 0.17666666666666667 0.15833333333333333 0.08666666666666667
0 0.6683333333333333 0.42583333333333334 0.075 0.085
0 0.69 0.5625 0.07 0.07333333333333333
0 0.6825 0.6766666666666666 0.06833333333333333 0.06333333333333334
0 0.7016666666666667 0.7816666666666666 0.065 0.075
0 0.7116666666666667 0.89 0.06666666666666667 0.08333333333333333
0 0.5341666666666667 0.8416666666666667 0.07333333333333333 0.06833333333333333
0 0.5183333333333333 0.6891666666666667 0.08 0.11666666666666667
0 0.49833333333333335 0.49583333333333335 0.065 0.09166666666666666
0 0.47833333333333333 0.29833333333333334 0.06333333333333334 0.08166666666666667
0 0.4483333333333333 0.17166666666666666 0.07166666666666667 0.06166666666666667
0 0.4175 0.05333333333333334 0.05333333333333334 0.06
0 0.29833333333333334 0.0725 0.08833333333333333 0.075
0 0.115 0.08916666666666667 0.095 0.04666666666666667
0 0.125 0.225 0.08333333333333333 0.06166666666666667
0 0.285 0.19666666666666666 0.09333333333333334 0.075
0 0.30583333333333335 0.3225 0.08166666666666667 0.07166666666666667
0 0.15333333333333332 0.385 0.07333333333333333 0.07
0 0.1775 0.49083333333333334 0.051666666666666666 0.058333333333333334
0 0.31083333333333335 0.43416666666666665 0.07333333333333333 0.07833333333333334
0 0.31583333333333335 0.5383333333333333 0.05333333333333334 0.058333333333333334
0 0.20083333333333334 0.6008333333333333 0.055 0.058333333333333334
0 0.33666666666666667 0.65 0.043333333333333335 0.058333333333333334
0 0.21583333333333332 0.7108333333333333 0.04666666666666667 0.06833333333333333
0 0.36333333333333334 0.7625 0.06333333333333334 0.065
0 0.19083333333333333 0.9283333333333333 0.07333333333333333 0.08666666666666667
0 0.19 0.8225 0.075 0.06166666666666667
0 0.4091666666666667 0.9875 0.07166666666666667 0.025
0 0.38 0.8691666666666666 0.04666666666666667 0.045
0 0.6683333333333333 0.03666666666666667 0.07833333333333334 0.06333333333333334