0 0.9266666666666666 0.1875 0.09333333333333334 0.07833333333333334
0 0.7783333333333333 0.25666666666666665 0.105 0.09333333333333334
0 0.6841666666666667 0.20416666666666666 0.06 0.06666666666666667
0 0.6308333333333334 0.315 0.11 0.07
0 0.4791666666666667 0.37833333333333335 0.10833333333333334 0.07666666666666666
0 0.33666666666666667 0.4633333333333333 0.06166666666666667 0.07833333333333334
0 0.17083333333333334 0.5208333333333334 0.09833333333333333 0.09
0 0.16 0.86 0.11333333333333333 0.155
0 0.28583333333333333 0.7483333333333333 0.11166666666666666 0.11333333333333333
0 0.4141666666666667 0.6483333333333333 0.11333333333333333 0.06666666666666667
0 0.5866666666666667 0.605 0.11166666666666666 0.10333333333333333
0 0.7283333333333334 0.5366666666666666 0.09 0.06666666666666667
0 0.8766666666666667 0.465 0.105 0.14833333333333334