0 0.2608333333333333 0.8058333333333333 0.17333333333333334 0.155
0 0.475 0.8008333333333333 0.15166666666666667 0.11333333333333333
0 0.6666666666666666 0.7633333333333333 0.135 0.14
0 0.8825 0.8741666666666666 0.13666666666666666 0.16
0 0.9541666666666667 0.5533333333333333 0.09166666666666666 0.11333333333333333
0 0.7266666666666667 0.5616666666666666 0.14 0.08833333333333333
0 0.5241666666666667 0.48583333333333334 0.11833333333333333 0.09666666666666666
0 0.31916666666666665 0.41833333333333333 0.16333333333333333 0.115
0 0.30416666666666664 0.21583333333333332 0.16166666666666665 0.16666666666666666
0 0.08333333333333333 0.005 0.1 0.01
0 0.0325 0.18166666666666667 0.03166666666666667 0.115
0 0.5416666666666666 0.24083333333333334 0.17833333333333334 0.12166666666666667
0 0.7708333333333334 0.34 0.14833333333333334 0.11166666666666666
0 0.9883333333333333 0.36 0.023333333333333334 0.08666666666666667
0 0.84 0.10916666666666666 0.13333333333333333 0.11
0 0.7041666666666667 0.06333333333333334 0.135 0.10833333333333334
0 0.5783333333333334 0.02666666666666667 0.10833333333333334 0.05333333333333334