0 0.05416666666666667 0.08916666666666667 0.10833333333333334 0.10166666666666667
0 0.1725 0.08083333333333333 0.12333333333333334 0.11
0 0.35833333333333334 0.04666666666666667 0.135 0.08166666666666667
0 0.5916666666666667 0.043333333333333335 0.14666666666666667 0.08666666666666667
0 0.67 0.38 0.12333333333333334 0.16
0 0.5133333333333333 0.365 0.12333333333333334 0.12333333333333334
0 0.3075 0.36333333333333334 0.10166666666666667 0.13333333333333333
0 0.14083333333333334 0.7075 0.14166666666666666 0.18666666666666668
0 0.33 0.7475 0.14 0.165
0 0.5241666666666667 0.7375 0.135 0.17666666666666667
0 0.7425 0.6883333333333334 0.15666666666666668 0.16833333333333333
0 0.0825 0.3591666666666667 0.11333333333333333 0.16166666666666665