0 0.9433333333333334 0.14666666666666667 0.11333333333333333 0.17666666666666667
0 0.8041666666666667 0.47333333333333333 0.12666666666666668 0.195
0 0.6208333333333333 0.2525 0.15833333333333333 0.14333333333333334
0 0.3858333333333333 0.17416666666666666 0.20833333333333334 0.15666666666666668
0 0.12666666666666668 0.21416666666666667 0.14 0.10833333333333334
0 0.15583333333333332 0.6066666666666667 0.19833333333333333 0.155
0 0.39916666666666667 0.6775 0.18 0.12
0 0.645 0.7208333333333333 0.18 0.13166666666666665
0 0.88 0.7033333333333334 0.14833333333333334 0.14333333333333334
0 0.8891666666666667 0.985 0.08166666666666667 0.03
0 0.7183333333333334 0.9708333333333333 0.15666666666666668 0.058333333333333334
0 0.4608333333333333 0.9666666666666667 0.15166666666666667 0.06666666666666667
0 0.055 0.8825 0.11 0.11833333333333333