0 0.9091666666666667 0.7191666666666666 0.18166666666666667 0.21166666666666667
0 0.5458333333333333 0.7016666666666667 0.17166666666666666 0.2833333333333333
0 0.30416666666666664 0.9 0.225 0.2
0 0.24666666666666667 0.6591666666666667 0.23166666666666666 0.175
0 0.20833333333333334 0.4508333333333333 0.24166666666666667 0.16666666666666666
0 0.1325 0.17583333333333334 0.17666666666666667 0.16
0 0.22333333333333333 0.07416666666666667 0.09833333333333333 0.08666666666666667
0 0.49 0.3425 0.16333333333333333 0.17666666666666667
0 0.8125 0.14416666666666667 0.18 0.17333333333333334
0 0.48583333333333334 0.1125 0.09 0.06833333333333333
0 0.8458333333333333 0.035 0.08166666666666667 0.07