0 0.2941666666666667 0.2875 0.09 0.10666666666666667
0 0.43333333333333335 0.15666666666666668 0.085 0.06333333333333334
0 0.18166666666666667 0.5141666666666667 0.11166666666666666 0.1
0 0.045 0.52 0.085 0.08
0 0.09916666666666667 0.6866666666666666 0.13166666666666665 0.09833333333333333
0 0.04083333333333333 0.8591666666666666 0.08166666666666667 0.105
0 0.38166666666666665 0.9283333333333333 0.105 0.11833333333333333
0 0.8033333333333333 0.9608333333333333 0.12 0.07833333333333334
0 0.45666666666666667 0.7058333333333333 0.11833333333333333 0.11333333333333333
0 0.6225 0.49416666666666664 0.07833333333333334 0.09333333333333334
0 0.7183333333333334 0.2966666666666667 0.10166666666666667 0.10166666666666667
0 0.8208333333333333 0.08 0.09333333333333334 0.11333333333333333