0 0.013333333333333334 0.6883333333333334 0.02666666666666667 0.09333333333333334
0 0.125 0.6883333333333334 0.11333333333333333 0.065
0 0.03666666666666667 0.38916666666666666 0.06666666666666667 0.115
0 0.19833333333333333 0.035833333333333335 0.09333333333333334 0.07166666666666667
0 0.21833333333333332 0.3641666666666667 0.12833333333333333 0.07666666666666666
0 0.27666666666666667 0.7808333333333334 0.115 0.08333333333333333
0 0.41333333333333333 0.6641666666666667 0.12666666666666668 0.1
0 0.5616666666666666 0.6483333333333333 0.10166666666666667 0.08833333333333333
0 0.7275 0.625 0.11333333333333333 0.09166666666666666
0 0.9191666666666667 0.3933333333333333 0.1 0.07166666666666667
0 0.365 0.31166666666666665 0.11333333333333333 0.10666666666666667
0 0.5216666666666666 0.3175 0.11166666666666666 0.085
0 0.6633333333333333 0.22333333333333333 0.10666666666666667 0.08833333333333333
0 0.8775 0.15 0.11833333333333333 0.09833333333333333