0 0.7016666666666667 0.20666666666666667 0.11166666666666666 0.08333333333333333
0 0.8475 0.22333333333333333 0.095 0.11333333333333333
0 0.9316666666666666 0.4666666666666667 0.085 0.09166666666666666
0 0.8291666666666667 0.5408333333333334 0.09333333333333334 0.11
0 0.68 0.59 0.11 0.09166666666666666
0 0.5883333333333334 0.6908333333333333 0.06 0.09333333333333334
0 0.6866666666666666 0.8391666666666666 0.075 0.07666666666666666
0 0.7766666666666666 0.9283333333333333 0.06666666666666667 0.06
0 0.32166666666666666 0.8375 0.07666666666666666 0.07833333333333334
0 0.24416666666666667 0.7375 0.07166666666666667 0.11166666666666666
0 0.1075 0.5958333333333333 0.08333333333333333 0.105
0 0.395 0.48083333333333333 0.09166666666666666 0.06833333333333333
0 0.49 0.3933333333333333 0.07333333333333333 0.08166666666666667
0 0.25666666666666665 0.14583333333333334 0.08833333333333333 0.07833333333333334
0 0.3616666666666667 0.07833333333333334 0.08666666666666667 0.09833333333333333
0 0.2783333333333333 0.3933333333333333 0.05333333333333334 0.07666666666666666