0 0.7291666666666666 0.22583333333333333 0.245 0.16333333333333333
0 0.49916666666666665 0.125 0.23 0.14333333333333334
0 0.25333333333333335 0.035833333333333335 0.23333333333333334 0.07166666666666667
0 0.16583333333333333 0.17583333333333334 0.22666666666666666 0.16833333333333333
0 0.4033333333333333 0.295 0.19166666666666668 0.12
0 0.6275 0.435 0.21833333333333332 0.12833333333333333
0 0.10333333333333333 0.3616666666666667 0.18166666666666667 0.13
0 0.36083333333333334 0.5108333333333334 0.22166666666666668 0.185
0 0.37916666666666665 0.6908333333333333 0.18 0.17166666666666666
0 0.7083333333333334 0.6916666666666667 0.38166666666666665 0.33
0 0.5416666666666666 0.8508333333333333 0.205 0.115
0 0.13 0.8316666666666667 0.26 0.21
0 0.785 0.95 0.21666666666666667 0.1
0 0.3516666666666667 0.9341666666666667 0.23333333333333334 0.13166666666666665
0 0.8741666666666666 0.1175 0.17333333333333334 0.12