0 0.09833333333333333 0.71 0.13833333333333334 0.08166666666666667
0 0.30083333333333334 0.9416666666666667 0.11333333333333333 0.10166666666666667
0 0.47583333333333333 0.9508333333333333 0.13166666666666665 0.08166666666666667
0 0.6566666666666666 0.9458333333333333 0.11333333333333333 0.10833333333333334
0 0.8375 0.9441666666666667 0.10166666666666667 0.07
0 0.8466666666666667 0.67 0.15833333333333333 0.095
0 0.65 0.6808333333333333 0.09 0.075
0 0.115 0.37083333333333335 0.155 0.115
0 0.125 0.52 0.06666666666666667 0.045
0 0.45916666666666667 0.6866666666666666 0.12333333333333334 0.058333333333333334
0 0.45 0.37 0.11166666666666666 0.11
0 0.6425 0.35833333333333334 0.12333333333333334 0.10833333333333334
0 0.83 0.32916666666666666 0.11 0.09333333333333334
0 0.7916666666666666 0.07916666666666666 0.12333333333333334 0.065
0 0.5525 0.09916666666666667 0.15333333333333332 0.06833333333333333
0 0.2791666666666667 0.1125 0.12833333333333333 0.09
0 0.12083333333333333 0.13666666666666666 0.13166666666666665 0.06666666666666667