0 0.9775 0.775 0.045 0.05333333333333334
0 0.8841666666666667 0.8408333333333333 0.08833333333333333 0.07666666666666666
0 0.775 0.9358333333333333 0.10666666666666667 0.07333333333333333
0 0.7833333333333333 0.745 0.11333333333333333 0.09333333333333334
0 0.6341666666666667 0.8233333333333334 0.06666666666666667 0.065
0 0.11583333333333333 0.8225 0.08166666666666667 0.085
0 0.10666666666666667 0.5583333333333333 0.11 0.14833333333333334
0 0.3466666666666667 0.5666666666666667 0.1 0.06833333333333333
0 0.25666666666666665 0.43916666666666665 0.07333333333333333 0.07
0 0.15583333333333332 0.09666666666666666 0.14333333333333334 0.10666666666666667
0 0.5741666666666667 0.65 0.16833333333333333 0.14333333333333334
0 0.7008333333333333 0.42916666666666664 0.095 0.11666666666666667
0 0.8808333333333334 0.27 0.06833333333333333 0.056666666666666664
0 0.7775 0.13333333333333333 0.065 0.07166666666666667
0 0.6475 0.23083333333333333 0.095 0.06166666666666667
0 0.5225 0.37916666666666665 0.08333333333333333 0.07833333333333334
0 0.44416666666666665 0.2916666666666667 0.10166666666666667 0.10833333333333334
0 0.35583333333333333 0.04 0.12 0.065