0 0.9275 0.9133333333333333 0.11 0.10166666666666667
0 0.8258333333333333 0.6925 0.06333333333333334 0.07
0 0.6666666666666666 0.6808333333333333 0.09666666666666666 0.09333333333333334
0 0.3575 0.5658333333333333 0.08333333333333333 0.08666666666666667
0 0.2633333333333333 0.42833333333333334 0.095 0.09166666666666666
0 0.7083333333333334 0.4691666666666667 0.07666666666666666 0.08333333333333333
0 0.7308333333333333 0.3441666666666667 0.08833333333333333 0.08
0 0.6641666666666667 0.0975 0.06833333333333333 0.07666666666666666
0 0.5408333333333334 0.17833333333333334 0.09833333333333333 0.07666666666666666
0 0.345 0.15333333333333332 0.06 0.06
0 0.8666666666666667 0.065 0.18833333333333332 0.07166666666666667
0 0.3883333333333333 0.3125 0.09666666666666666 0.09166666666666666
0 0.9566666666666667 0.13666666666666666 0.045 0.11833333333333333