0 0.3408333333333333 0.0525 0.14166666666666666 0.105
0 0.25083333333333335 0.13166666666666665 0.11666666666666667 0.08833333333333333
0 0.325 0.41083333333333333 0.075 0.05333333333333334
0 0.4275 0.22583333333333333 0.105 0.12
0 0.7766666666666666 0.21083333333333334 0.15 0.10333333333333333
0 0.8925 0.42083333333333334 0.12166666666666667 0.12666666666666668
0 0.7391666666666666 0.5375 0.11166666666666666 0.12166666666666667
0 0.565 0.6266666666666667 0.09166666666666666 0.065
0 0.25583333333333336 0.6991666666666667 0.095 0.085
0 0.45666666666666667 0.845 0.12333333333333334 0.085
0 0.635 0.9333333333333333 0.10166666666666667 0.09666666666666666
0 0.735 0.7733333333333333 0.08166666666666667 0.08
0 0.8375 0.665 0.07 0.058333333333333334
0 0.92 0.8925 0.065 0.09333333333333334
0 0.5958333333333333 0.2275 0.051666666666666666 0.05