0 0.185 0.38916666666666666 0.17 0.195
0 0.28583333333333333 0.5375 0.165 0.16333333333333333
0 0.37083333333333335 0.31666666666666665 0.08 0.085
0 0.4925 0.44416666666666665 0.09333333333333334 0.08333333333333333
0 0.6141666666666666 0.07833333333333334 0.19166666666666668 0.15666666666666668
0 0.7475 0.15833333333333333 0.13833333333333334 0.17833333333333334
0 0.5983333333333334 0.355 0.1 0.085
0 0.865 0.3308333333333333 0.15333333333333332 0.14833333333333334
0 0.7425 0.49 0.10833333333333334 0.10833333333333334
0 0.5358333333333334 0.5175 0.10166666666666667 0.105
0 0.3775 0.705 0.15166666666666667 0.11
0 0.9025 0.7233333333333334 0.125 0.11833333333333333