0 0.07 0.7425 0.14 0.17833333333333334
0 0.26 0.6275 0.19333333333333333 0.16166666666666665
0 0.0525 0.3425 0.07666666666666666 0.10166666666666667
0 0.2791666666666667 0.2275 0.17166666666666666 0.205
0 0.2808333333333333 0.028333333333333332 0.13166666666666665 0.056666666666666664
0 0.5216666666666666 0.25666666666666665 0.18333333333333332 0.15833333333333333
0 0.525 0.5958333333333333 0.19 0.17
0 0.8591666666666666 0.5058333333333334 0.16 0.18
0 0.9241666666666667 0.745 0.09 0.13333333333333333
0 0.6 0.8041666666666667 0.15166666666666667 0.14833333333333334
0 0.6591666666666667 0.9583333333333334 0.135 0.08333333333333333