0 0.8225 0.6158333333333333 0.115 0.14
0 0.8091666666666667 0.8033333333333333 0.135 0.09
0 0.6508333333333334 0.5691666666666667 0.11666666666666667 0.06666666666666667
0 0.6225 0.21416666666666667 0.08 0.15
0 0.4825 0.23 0.09333333333333334 0.085
0 0.31416666666666665 0.22833333333333333 0.07833333333333334 0.13
0 0.17416666666666666 0.2275 0.07833333333333334 0.14833333333333334
0 0.18333333333333332 0.65 0.09 0.16
0 0.3641666666666667 0.6283333333333333 0.07666666666666666 0.16166666666666665
0 0.48583333333333334 0.6275 0.13666666666666666 0.085
0 0.1475 0.8483333333333334 0.08833333333333333 0.07166666666666667