0 0.2225 0.9175 0.18 0.10833333333333334
0 0.2225 0.8025 0.1 0.09833333333333333
0 0.11 0.5366666666666666 0.13333333333333333 0.125
0 0.0975 0.3416666666666667 0.18166666666666667 0.20666666666666667
0 0.2833333333333333 0.17416666666666666 0.14333333333333334 0.135
0 0.44 0.6966666666666667 0.10833333333333334 0.13
0 0.37 0.54 0.16666666666666666 0.14666666666666667
0 0.5891666666666666 0.3408333333333333 0.105 0.10833333333333334
0 0.5233333333333333 0.18166666666666667 0.11333333333333333 0.11166666666666666
0 0.7816666666666666 0.13083333333333333 0.14333333333333334 0.13
0 0.87 0.41083333333333333 0.1 0.135
0 0.8791666666666667 0.5575 0.115 0.12166666666666667
0 0.665 0.8 0.14333333333333334 0.11166666666666666
0 0.7516666666666667 0.945 0.1 0.11