0 0.175 0.035833333333333335 0.03833333333333333 0.03166666666666667
0 0.04083333333333333 0.42583333333333334 0.02666666666666667 0.02666666666666667
0 0.2791666666666667 0.5633333333333334 0.04 0.035
0 0.28 0.65 0.03833333333333333 0.08666666666666667
0 0.3925 0.30333333333333334 0.023333333333333334 0.045
0 0.96 0.5741666666666667 0.041666666666666664 0.055
0 0.695 0.8591666666666666 0.03666666666666667 0.04666666666666667
0 0.6958333333333333 0.7775 0.03833333333333333 0.04
0 0.6216666666666667 0.7333333333333333 0.035 0.03833333333333333
0 0.5133333333333333 0.7591666666666667 0.041666666666666664 0.041666666666666664
0 0.265 0.8891666666666667 0.05333333333333334 0.05333333333333334
0 0.9666666666666667 0.7283333333333334 0.03333333333333333 0.06
0 0.8325 0.5641666666666667 0.03833333333333333 0.045
0 0.8291666666666667 0.48833333333333334 0.02 0.043333333333333335
0 0.66 0.48 0.028333333333333332 0.023333333333333334
0 0.27666666666666667 0.145 0.051666666666666666 0.03833333333333333
0 0.041666666666666664 0.31833333333333336 0.03 0.04