0 0.8583333333333333 0.9558333333333333 0.16 0.08833333333333333
0 0.8341666666666666 0.7658333333333334 0.23333333333333334 0.06333333333333334
0 0.8541666666666666 0.58 0.205 0.06166666666666667
0 0.7083333333333334 0.895 0.085 0.13666666666666666
0 0.5966666666666667 0.9558333333333333 0.11 0.04666666666666667
0 0.4975 0.9333333333333333 0.06 0.05333333333333334
0 0.5658333333333333 0.8308333333333333 0.11666666666666667 0.07
0 0.6383333333333333 0.42 0.065 0.051666666666666666
0 0.77 0.4225 0.075 0.043333333333333335
0 0.8516666666666667 0.445 0.06666666666666667 0.04666666666666667
0 0.9566666666666667 0.48083333333333333 0.065 0.058333333333333334
0 0.9858333333333333 0.335 0.028333333333333332 0.07
0 0.8808333333333334 0.3225 0.06666666666666667 0.03666666666666667
0 0.915 0.1825 0.08333333333333333 0.05333333333333334
0 0.7925 0.3025 0.105 0.06
0 0.6783333333333333 0.26416666666666666 0.06166666666666667 0.058333333333333334
0 0.7008333333333333 0.15583333333333332 0.04833333333333333 0.07
0 0.715 0.0525 0.041666666666666664 0.065
0 0.485 0.32166666666666666 0.07166666666666667 0.06166666666666667
0 0.5258333333333334 0.155 0.06333333333333334 0.09166666666666666
0 0.5408333333333334 0.03916666666666667 0.056666666666666664 0.07833333333333334
0 0.35 0.2891666666666667 0.07333333333333333 0.041666666666666664
0 0.3725 0.5783333333333334 0.11166666666666666 0.11333333333333333
0 0.36083333333333334 0.13833333333333334 0.045 0.05333333333333334
0 0.37416666666666665 0.03166666666666667 0.055 0.06
0 0.1925 0.028333333333333332 0.058333333333333334 0.056666666666666664
0 0.1625 0.12333333333333334 0.06 0.058333333333333334
0 0.18 0.25666666666666665 0.07333333333333333 0.056666666666666664
0 0.08833333333333333 0.29083333333333333 0.08 0.06166666666666667
0 0.05 0.38333333333333336 0.05 0.08666666666666667
0 0.48333333333333334 0.4575 0.06666666666666667 0.10666666666666667
0 0.1725 0.5441666666666667 0.03666666666666667 0.04833333333333333
0 0.25333333333333335 0.4708333333333333 0.06833333333333333 0.06166666666666667
0 0.07833333333333334 0.495 0.06333333333333334 0.07
0 0.050833333333333335 0.6308333333333334 0.09166666666666666 0.08833333333333333
0 0.16416666666666666 0.6733333333333333 0.09666666666666666 0.09
0 0.27 0.7333333333333333 0.095 0.07166666666666667
0 0.37333333333333335 0.7708333333333334 0.095 0.07333333333333333
0 0.28583333333333333 0.9075 0.08166666666666667 0.06833333333333333
0 0.025 0.7866666666666666 0.05 0.07666666666666666
0 0.07416666666666667 0.8766666666666667 0.08833333333333333 0.07
0 0.14 0.8108333333333333 0.056666666666666664 0.06666666666666667