0 0.7383333333333333 0.145 0.12666666666666668 0.09333333333333334
0 0.7708333333333334 0.29333333333333333 0.14166666666666666 0.12166666666666667
0 0.8183333333333334 0.4241666666666667 0.11333333333333333 0.115
0 0.8175 0.5741666666666667 0.18 0.13833333333333334
0 0.7841666666666667 0.725 0.355 0.18666666666666668
0 0.61 0.685 0.07166666666666667 0.09333333333333334
0 0.5858333333333333 0.5375 0.09166666666666666 0.07666666666666666
0 0.51 0.19833333333333333 0.09333333333333334 0.07166666666666667
0 0.21666666666666667 0.3125 0.16333333333333333 0.10833333333333334
0 0.20083333333333334 0.44416666666666665 0.14 0.13166666666666665
0 0.24083333333333334 0.6175 0.09833333333333333 0.15333333333333332
0 0.3 0.7591666666666667 0.145 0.11
0 0.3516666666666667 0.8683333333333333 0.135 0.09666666666666666