0 0.8308333333333333 0.3408333333333333 0.11 0.11166666666666666
0 0.815 0.5125 0.105 0.12166666666666667
0 0.7 0.6408333333333334 0.13166666666666665 0.15333333333333332
0 0.4633333333333333 0.6916666666666667 0.10333333333333333 0.11333333333333333
0 0.5333333333333333 0.9641666666666666 0.11333333333333333 0.07166666666666667
0 0.14916666666666667 0.525 0.13 0.135
0 0.09416666666666666 0.3575 0.165 0.2
0 0.08666666666666667 0.7216666666666667 0.045 0.04833333333333333
0 0.5025 0.42583333333333334 0.09833333333333333 0.12333333333333334
0 0.5041666666666667 0.2808333333333333 0.10166666666666667 0.105
0 0.405 0.1675 0.1 0.10166666666666667
0 0.30916666666666665 0.07666666666666666 0.125 0.11833333333333333