0 0.14 0.9216666666666666 0.105 0.08166666666666667
0 0.0575 0.7458333333333333 0.07666666666666666 0.06666666666666667
0 0.04 0.565 0.07833333333333334 0.07166666666666667
0 0.32083333333333336 0.9008333333333334 0.10333333333333333 0.06166666666666667
0 0.5033333333333333 0.8991666666666667 0.09 0.1
0 0.4825 0.7608333333333334 0.06166666666666667 0.05
0 0.7608333333333334 0.7983333333333333 0.11166666666666666 0.07166666666666667
0 0.6958333333333333 0.6908333333333333 0.07666666666666666 0.08333333333333333
0 0.9625 0.79 0.075 0.08666666666666667
0 0.895 0.6091666666666666 0.10166666666666667 0.07
0 0.9858333333333333 0.47 0.028333333333333332 0.08
0 0.86 0.3566666666666667 0.06166666666666667 0.043333333333333335
0 0.7275 0.4266666666666667 0.09666666666666666 0.09333333333333334
0 0.605 0.48333333333333334 0.08833333333333333 0.041666666666666664
0 0.43666666666666665 0.5841666666666666 0.08666666666666667 0.065
0 0.30583333333333335 0.6241666666666666 0.08 0.065
0 0.18166666666666667 0.675 0.06666666666666667 0.08333333333333333
0 0.14 0.5116666666666667 0.08166666666666667 0.041666666666666664
0 0.28583333333333333 0.42333333333333334 0.085 0.058333333333333334
0 0.39166666666666666 0.3616666666666667 0.08333333333333333 0.055
0 0.5033333333333333 0.295 0.08166666666666667 0.155
0 0.65 0.25833333333333336 0.08833333333333333 0.08333333333333333
0 0.7583333333333333 0.21416666666666667 0.09833333333333333 0.07
0 0.855 0.030833333333333334 0.06666666666666667 0.06166666666666667
0 0.5041666666666667 0.05583333333333333 0.07833333333333334 0.11166666666666666
0 0.3516666666666667 0.08166666666666667 0.085 0.08
0 0.20583333333333334 0.16 0.08166666666666667 0.07
0 0.08583333333333333 0.19833333333333333 0.06666666666666667 0.06
0 0.07083333333333333 0.405 0.03 0.021666666666666667