0 0.4058333333333333 0.8675 0.125 0.135
0 0.11416666666666667 0.9675 0.14833333333333334 0.065
0 0.3383333333333333 0.6925 0.13166666666666665 0.16666666666666666
0 0.6991666666666667 0.6991666666666667 0.12333333333333334 0.17833333333333334
0 0.065 0.7741666666666667 0.07 0.06666666666666667
0 0.2683333333333333 0.505 0.13666666666666666 0.14833333333333334
0 0.15416666666666667 0.3258333333333333 0.13833333333333334 0.11333333333333333
0 0.018333333333333333 0.0625 0.03666666666666667 0.07833333333333334
0 0.6416666666666667 0.44166666666666665 0.16 0.19
0 0.9375 0.5258333333333334 0.125 0.19833333333333333
0 0.9391666666666667 0.9425 0.12166666666666667 0.075