0 0.7716666666666666 0.9733333333333334 0.15 0.05333333333333334
0 0.6091666666666666 0.9016666666666666 0.16166666666666665 0.155
0 0.4525 0.7525 0.13333333333333333 0.14166666666666666
0 0.23666666666666666 0.7616666666666667 0.06833333333333333 0.065
0 0.29833333333333334 0.6 0.13833333333333334 0.16166666666666665
0 0.14083333333333334 0.4508333333333333 0.15166666666666667 0.16166666666666665
0 0.03833333333333333 0.31333333333333335 0.06 0.095
0 0.4033333333333333 0.058333333333333334 0.20333333333333334 0.11666666666666667
0 0.5458333333333333 0.22416666666666665 0.19666666666666666 0.15333333333333332
0 0.7158333333333333 0.37416666666666665 0.165 0.11166666666666666
0 0.8675 0.515 0.14833333333333334 0.105