0 0.8858333333333334 0.12666666666666668 0.215 0.16666666666666666
0 0.185 0.19666666666666666 0.22666666666666666 0.16
0 0.6316666666666667 0.2608333333333333 0.25666666666666665 0.15833333333333333
0 0.5075 0.0425 0.25166666666666665 0.085
0 0.37166666666666665 0.5116666666666667 0.29833333333333334 0.215
0 0.7541666666666667 0.52 0.225 0.16333333333333333
0 0.16166666666666665 0.8166666666666667 0.22666666666666666 0.195
0 0.55 0.7808333333333334 0.23833333333333334 0.16166666666666665
0 0.8808333333333334 0.8041666666666667 0.23666666666666666 0.21166666666666667
0 0.050833333333333335 0.5333333333333333 0.08666666666666667 0.185
0 0.955 0.3591666666666667 0.08666666666666667 0.155
0 0.2875 0.9708333333333333 0.225 0.058333333333333334
0 0.03833333333333333 0.10166666666666667 0.07666666666666666 0.19