0 0.9383333333333334 0.019166666666666665 0.04666666666666667 0.03833333333333333
0 0.8766666666666667 0.06166666666666667 0.08 0.065
0 0.5616666666666666 0.055 0.08666666666666667 0.06333333333333334
0 0.22666666666666666 0.13333333333333333 0.11 0.10833333333333334
0 0.08333333333333333 0.16583333333333333 0.08666666666666667 0.075
0 0.21083333333333334 0.275 0.08333333333333333 0.10166666666666667
0 0.10916666666666666 0.37666666666666665 0.06333333333333334 0.065
0 0.09166666666666666 0.5925 0.08833333333333333 0.09833333333333333
0 0.26916666666666667 0.5666666666666667 0.1 0.09166666666666666
0 0.2658333333333333 0.6825 0.06833333333333333 0.08166666666666667
0 0.07666666666666666 0.7816666666666666 0.06166666666666667 0.06333333333333334
0 0.17916666666666667 0.9833333333333333 0.06166666666666667 0.03333333333333333
0 0.375 0.9141666666666667 0.04833333333333333 0.1
0 0.40166666666666667 0.7158333333333333 0.08 0.056666666666666664
0 0.5058333333333334 0.6641666666666667 0.09166666666666666 0.08
0 0.6658333333333334 0.9075 0.06333333333333334 0.06833333333333333
0 0.93 0.935 0.03166666666666667 0.043333333333333335
0 0.8733333333333333 0.8025 0.06166666666666667 0.06666666666666667
0 0.96 0.6933333333333334 0.06666666666666667 0.07833333333333334
0 0.9416666666666667 0.4625 0.105 0.09833333333333333
0 0.5666666666666667 0.53 0.06333333333333334 0.09666666666666666
0 0.425 0.4266666666666667 0.085 0.08
0 0.4841666666666667 0.2866666666666667 0.06 0.08
0 0.5158333333333334 0.16416666666666666 0.05 0.075
0 0.6625 0.3625 0.06166666666666667 0.058333333333333334
0 0.7733333333333333 0.2791666666666667 0.051666666666666666 0.06
0 0.7858333333333334 0.14666666666666667 0.04833333333333333 0.045