0 0.12833333333333333 0.1875 0.09333333333333334 0.09833333333333333
0 0.12666666666666668 0.3325 0.095 0.14
0 0.14 0.5175 0.075 0.07
0 0.22166666666666668 0.5766666666666667 0.08666666666666667 0.09
0 0.14916666666666667 0.5816666666666667 0.03166666666666667 0.03333333333333333
0 0.11833333333333333 0.6925 0.07666666666666666 0.08166666666666667
0 0.23333333333333334 0.77 0.15 0.07833333333333334
0 0.3725 0.7916666666666666 0.07666666666666666 0.07333333333333333
0 0.3016666666666667 0.46166666666666667 0.08333333333333333 0.1
0 0.33416666666666667 0.38416666666666666 0.06333333333333334 0.06666666666666667
0 0.3825 0.97 0.10333333333333333 0.056666666666666664
0 0.49416666666666664 0.9491666666666667 0.08833333333333333 0.10166666666666667
0 0.63 0.82 0.10333333333333333 0.09666666666666666
0 0.49833333333333335 0.7291666666666666 0.11333333333333333 0.11
0 0.47333333333333333 0.8125 0.051666666666666666 0.06166666666666667
0 0.6908333333333333 0.6775 0.15166666666666667 0.11166666666666666
0 0.8275 0.5141666666666667 0.09333333333333334 0.09
0 0.5641666666666667 0.5566666666666666 0.11833333333333333 0.14
0 0.6408333333333334 0.37166666666666665 0.17 0.13833333333333334
0 0.4875 0.22 0.16333333333333333 0.12833333333333333
0 0.36583333333333334 0.29583333333333334 0.09833333333333333 0.12
0 0.32916666666666666 0.13416666666666666 0.07833333333333334 0.09333333333333334