0 0.8375 0.8733333333333333 0.115 0.09166666666666666
0 0.6475 0.9025 0.08833333333333333 0.065
0 0.44666666666666666 0.9333333333333333 0.09 0.07
0 0.6583333333333333 0.7041666666666667 0.07 0.07
0 0.5341666666666667 0.6075 0.11166666666666666 0.10833333333333334
0 0.41333333333333333 0.4975 0.055 0.07666666666666666
0 0.2916666666666667 0.3925 0.10333333333333333 0.10333333333333333
0 0.02666666666666667 0.4675 0.05333333333333334 0.051666666666666666
0 0.0033333333333333335 0.29333333333333333 0.006666666666666667 0.08333333333333333
0 0.0075 0.215 0.015 0.05333333333333334
0 0.225 0.27166666666666667 0.10333333333333333 0.08
0 0.7775 0.30083333333333334 0.135 0.11666666666666667
0 0.63 0.38916666666666666 0.08 0.07833333333333334
0 0.585 0.2833333333333333 0.07666666666666666 0.085
0 0.5341666666666667 0.3525 0.06 0.08333333333333333
0 0.4483333333333333 0.15916666666666668 0.09833333333333333 0.09833333333333333
0 0.2866666666666667 0.075 0.10666666666666667 0.08666666666666667
0 0.15083333333333335 0.0375 0.065 0.023333333333333334
0 0.37166666666666665 0.023333333333333334 0.11333333333333333 0.03833333333333333