0 0.065 0.49333333333333335 0.07333333333333333 0.125
0 0.41583333333333333 0.29333333333333333 0.13333333333333333 0.11833333333333333
0 0.5558333333333333 0.20583333333333334 0.145 0.08666666666666667
0 0.7366666666666667 0.45166666666666666 0.065 0.14
0 0.7691666666666667 0.6375 0.14666666666666667 0.15333333333333332
0 0.5266666666666666 0.55 0.13333333333333333 0.08166666666666667
0 0.31916666666666665 0.6866666666666666 0.14833333333333334 0.12833333333333333
0 0.4483333333333333 0.875 0.12833333333333333 0.09833333333333333
0 0.5916666666666667 0.905 0.11833333333333333 0.08333333333333333
0 0.8141666666666667 0.8975 0.08166666666666667 0.095
0 0.7775 0.9808333333333333 0.09833333333333333 0.03833333333333333