0 0.04583333333333333 0.12666666666666668 0.09166666666666666 0.10666666666666667
0 0.060833333333333336 0.29 0.09666666666666666 0.125
0 0.3308333333333333 0.058333333333333334 0.07333333333333333 0.075
0 0.7375 0.009166666666666667 0.07833333333333334 0.018333333333333333
0 0.7883333333333333 0.1625 0.06833333333333333 0.085
0 0.8283333333333334 0.3458333333333333 0.07166666666666667 0.06666666666666667
0 0.6325 0.3625 0.08666666666666667 0.07
0 0.37083333333333335 0.42083333333333334 0.11166666666666666 0.12333333333333334
0 0.4725 0.6825 0.08666666666666667 0.09333333333333334
0 0.7225 0.6908333333333333 0.10333333333333333 0.07666666666666666
0 0.46416666666666667 0.9225 0.08166666666666667 0.06666666666666667
0 0.16583333333333333 0.965 0.06166666666666667 0.07
0 0.06416666666666666 0.5025 0.1 0.085