0 0.23666666666666666 0.9341666666666667 0.205 0.125
0 0.7816666666666666 0.8 0.25 0.205
0 0.9808333333333333 0.8375 0.03833333333333333 0.135
0 0.9408333333333333 0.5475 0.11833333333333333 0.15166666666666667
0 0.6916666666666667 0.5666666666666667 0.22166666666666668 0.17666666666666667
0 0.25083333333333335 0.6241666666666666 0.21 0.275
0 0.08416666666666667 0.2733333333333333 0.16333333333333333 0.15833333333333333
0 0.36583333333333334 0.275 0.195 0.18333333333333332
0 0.785 0.059166666666666666 0.18333333333333332 0.11833333333333333
0 0.3466666666666667 0.0575 0.13166666666666665 0.09
0 0.9291666666666667 0.19666666666666666 0.07833333333333334 0.17833333333333334
0 0.0325 0.5775 0.065 0.15833333333333333