0 0.77 0.9225 0.17833333333333334 0.10666666666666667
0 0.7716666666666666 0.8075 0.09833333333333333 0.09666666666666666
0 0.8891666666666667 0.5441666666666667 0.13166666666666665 0.12333333333333334
0 0.9058333333333334 0.3491666666666667 0.18 0.205
0 0.7225 0.17833333333333334 0.14166666666666666 0.13333333333333333
0 0.5566666666666666 0.6975 0.10666666666666667 0.12833333333333333
0 0.6291666666666667 0.5425 0.165 0.145
0 0.41333333333333333 0.33916666666666667 0.10333333333333333 0.10666666666666667
0 0.4816666666666667 0.18166666666666667 0.11166666666666666 0.11
0 0.225 0.12583333333333332 0.14166666666666666 0.12833333333333333
0 0.13166666666666665 0.4041666666666667 0.09666666666666666 0.135
0 0.11916666666666667 0.5508333333333333 0.11333333333333333 0.12166666666666667
0 0.33 0.7966666666666666 0.14166666666666666 0.10833333333333334
0 0.24083333333333334 0.9425 0.09833333333333333 0.11