0 0.765 0.14583333333333334 0.07833333333333334 0.115
0 0.6716666666666666 0.16 0.055 0.07833333333333334
0 0.5683333333333334 0.15166666666666667 0.058333333333333334 0.09333333333333334
0 0.47333333333333333 0.1725 0.06666666666666667 0.051666666666666666
0 0.3825 0.205 0.07833333333333334 0.06
0 0.285 0.1925 0.08333333333333333 0.10666666666666667
0 0.12416666666666666 0.23916666666666667 0.058333333333333334 0.085
0 0.12666666666666668 0.795 0.056666666666666664 0.08666666666666667
0 0.06666666666666667 0.5658333333333333 0.06 0.07833333333333334
0 0.17333333333333334 0.5541666666666667 0.06666666666666667 0.06166666666666667
0 0.034166666666666665 0.2375 0.058333333333333334 0.07833333333333334
0 0.35833333333333334 0.545 0.06666666666666667 0.06166666666666667
0 0.21416666666666667 0.8116666666666666 0.08166666666666667 0.09333333333333334
0 0.6741666666666667 0.7508333333333334 0.07166666666666667 0.1
0 0.5908333333333333 0.7508333333333334 0.08 0.05333333333333334
0 0.8641666666666666 0.6958333333333333 0.07166666666666667 0.08333333333333333
0 0.8366666666666667 0.4658333333333333 0.07 0.09166666666666666
0 0.7333333333333333 0.48333333333333334 0.06666666666666667 0.05
0 0.6575 0.47833333333333333 0.06833333333333333 0.06666666666666667
0 0.5708333333333333 0.49333333333333335 0.05333333333333334 0.09166666666666666
0 0.5025 0.5158333333333334 0.04833333333333333 0.10666666666666667
0 0.445 0.51 0.05 0.11166666666666666