0 0.7933333333333333 0.8341666666666666 0.08333333333333333 0.06333333333333334
0 0.9916666666666667 0.1225 0.016666666666666666 0.10166666666666667
0 0.9308333333333333 0.215 0.06333333333333334 0.07166666666666667
0 0.8108333333333333 0.0875 0.06833333333333333 0.058333333333333334
0 0.6516666666666666 0.2733333333333333 0.07333333333333333 0.04666666666666667
0 0.8741666666666666 0.47 0.07166666666666667 0.065
0 0.9341666666666667 0.5641666666666667 0.085 0.04666666666666667
0 0.7941666666666667 0.6533333333333333 0.056666666666666664 0.03166666666666667
0 0.57 0.8658333333333333 0.07 0.05
0 0.59 0.5375 0.058333333333333334 0.041666666666666664
0 0.42583333333333334 0.5833333333333334 0.07833333333333334 0.045
0 0.3591666666666667 0.8225 0.10333333333333333 0.085
0 0.3325 0.62 0.06333333333333334 0.045
0 0.4741666666666667 0.3308333333333333 0.07333333333333333 0.06333333333333334
0 0.18666666666666668 0.6975 0.09 0.06333333333333334
0 0.05333333333333334 0.7166666666666667 0.04666666666666667 0.04
0 0.035 0.47 0.07 0.1
0 0.3 0.3883333333333333 0.09666666666666666 0.08166666666666667
0 0.15833333333333333 0.24083333333333334 0.09666666666666666 0.08