0 0.6416666666666667 0.10416666666666667 0.11 0.12
0 0.17083333333333334 0.2225 0.125 0.09833333333333333
0 0.47333333333333333 0.04416666666666667 0.051666666666666666 0.07
0 0.6141666666666666 0.028333333333333332 0.175 0.056666666666666664
0 0.7341666666666666 0.365 0.14666666666666667 0.12333333333333334
0 0.765 0.5075 0.105 0.11833333333333333
0 0.8325 0.7533333333333333 0.18 0.12166666666666667
0 0.6825 0.86 0.06833333333333333 0.07333333333333333
0 0.405 0.9425 0.125 0.075
0 0.335 0.8025 0.11166666666666666 0.11666666666666667
0 0.3075 0.6866666666666666 0.11333333333333333 0.11333333333333333
0 0.2791666666666667 0.5316666666666666 0.16833333333333333 0.15333333333333332
0 0.42333333333333334 0.5741666666666667 0.056666666666666664 0.04