0 0.505 0.8175 0.11 0.13166666666666665
0 0.46416666666666667 0.6841666666666667 0.07166666666666667 0.08666666666666667
0 0.14583333333333334 0.915 0.085 0.115
0 0.13333333333333333 0.68 0.09333333333333334 0.09833333333333333
0 0.13666666666666666 0.4875 0.115 0.11833333333333333
0 0.13666666666666666 0.3075 0.07 0.08666666666666667
0 0.44416666666666665 0.2708333333333333 0.1 0.11166666666666666
0 0.45916666666666667 0.45166666666666666 0.11833333333333333 0.10166666666666667
0 0.8191666666666667 0.4091666666666667 0.07333333333333333 0.08666666666666667
0 0.8333333333333334 0.2 0.14333333333333334 0.13166666666666665
0 0.8316666666666667 0.59 0.09166666666666666 0.08166666666666667
0 0.8808333333333334 0.925 0.10166666666666667 0.065