0 0.6425 0.71 0.17166666666666666 0.11666666666666667
0 0.19333333333333333 0.665 0.20666666666666667 0.11333333333333333
0 0.16333333333333333 0.785 0.145 0.095
0 0.6633333333333333 0.555 0.205 0.11833333333333333
0 0.9458333333333333 0.6508333333333334 0.09833333333333333 0.13
0 0.92 0.24833333333333332 0.09333333333333334 0.095
0 0.7291666666666666 0.21583333333333332 0.135 0.135
0 0.24 0.5141666666666667 0.205 0.135
0 0.2708333333333333 0.38166666666666665 0.20166666666666666 0.10666666666666667
0 0.3308333333333333 0.2675 0.10166666666666667 0.08166666666666667
0 0.3825 0.13666666666666666 0.12166666666666667 0.10833333333333334
0 0.39416666666666667 0.03166666666666667 0.16166666666666665 0.06333333333333334
0 0.225 0.1275 0.06833333333333333 0.06166666666666667