0 0.9425 0.4025 0.1 0.06666666666666667
0 0.9 0.1375 0.07166666666666667 0.055
0 0.56 0.10583333333333333 0.15333333333333332 0.075
0 0.6191666666666666 0.4241666666666667 0.08166666666666667 0.06
0 0.7966666666666666 0.5033333333333333 0.08 0.051666666666666666
0 0.9358333333333333 0.6383333333333333 0.1 0.043333333333333335
0 0.56 0.5891666666666666 0.085 0.03833333333333333
0 0.3675 0.385 0.05333333333333334 0.125
0 0.32416666666666666 0.2025 0.07666666666666666 0.045
0 0.385 0.08166666666666667 0.1 0.06666666666666667
0 0.22333333333333333 0.08583333333333333 0.06166666666666667 0.06166666666666667
0 0.08 0.04833333333333333 0.08333333333333333 0.075
0 0.1425 0.42583333333333334 0.08666666666666667 0.041666666666666664
0 0.3233333333333333 0.555 0.06833333333333333 0.065
0 0.3591666666666667 0.6583333333333333 0.07833333333333334 0.07
0 0.3825 0.8383333333333334 0.08333333333333333 0.04666666666666667
0 0.24 0.8608333333333333 0.065 0.056666666666666664
0 0.10666666666666667 0.8633333333333333 0.09 0.05
0 0.7908333333333334 0.8308333333333333 0.056666666666666664 0.07
0 0.8016666666666666 0.7066666666666667 0.07166666666666667 0.10333333333333333
0 0.15166666666666667 0.5575 0.056666666666666664 0.06833333333333333
0 0.15333333333333332 0.6833333333333333 0.05333333333333334 0.06833333333333333
0 0.6133333333333333 0.9291666666666667 0.06 0.08666666666666667
0 0.6116666666666667 0.7625 0.07833333333333334 0.09666666666666666
0 0.6216666666666667 0.2866666666666667 0.08333333333333333 0.055