0 0.43416666666666665 0.11833333333333333 0.1 0.16166666666666665
0 0.5233333333333333 0.20416666666666666 0.06333333333333334 0.058333333333333334
0 0.09666666666666666 0.305 0.11833333333333333 0.145
0 0.12166666666666667 0.4083333333333333 0.075 0.07166666666666667
0 0.22 0.5675 0.135 0.11833333333333333
0 0.3358333333333333 0.6991666666666667 0.07166666666666667 0.1
0 0.5633333333333334 0.35083333333333333 0.115 0.1
0 0.7641666666666667 0.2575 0.07 0.09833333333333333
0 0.72 0.55 0.16166666666666665 0.11666666666666667
0 0.9391666666666667 0.7533333333333333 0.12166666666666667 0.09
0 0.5383333333333333 0.86 0.08 0.1