0 0.34 0.89 0.14666666666666667 0.22
0 0.6316666666666667 0.825 0.105 0.145
0 0.8166666666666667 0.8783333333333333 0.12833333333333333 0.19166666666666668
0 0.795 0.5125 0.23166666666666666 0.22333333333333333
0 0.7491666666666666 0.16083333333333333 0.28 0.2866666666666667
0 0.36083333333333334 0.4241666666666667 0.14166666666666666 0.10833333333333334
0 0.22416666666666665 0.5608333333333333 0.07 0.09833333333333333
0 0.155 0.20083333333333334 0.13333333333333333 0.18833333333333332
0 0.33416666666666667 0.08666666666666667 0.15166666666666667 0.075
0 0.505 0.056666666666666664 0.05333333333333334 0.058333333333333334
0 0.5016666666666667 0.12583333333333332 0.035 0.058333333333333334