0 0.8158333333333333 0.19416666666666665 0.12666666666666668 0.09833333333333333
0 0.87 0.32416666666666666 0.06833333333333333 0.105
0 0.9058333333333334 0.4583333333333333 0.115 0.10833333333333334
0 0.5575 0.18416666666666667 0.08833333333333333 0.09166666666666666
0 0.4583333333333333 0.4141666666666667 0.051666666666666666 0.07833333333333334
0 0.5108333333333334 0.7358333333333333 0.075 0.09166666666666666
0 0.3075 0.7933333333333333 0.07333333333333333 0.07666666666666666
0 0.19666666666666666 0.2525 0.09666666666666666 0.07
0 0.06833333333333333 0.3 0.095 0.08333333333333333
0 0.11 0.4675 0.07833333333333334 0.09833333333333333
0 0.14833333333333334 0.7708333333333334 0.085 0.065
0 0.8058333333333333 0.7166666666666667 0.08833333333333333 0.115