0 0.14583333333333334 0.74 0.12333333333333334 0.08333333333333333
0 0.17166666666666666 0.59 0.135 0.11
0 0.17583333333333334 0.4508333333333333 0.10666666666666667 0.10833333333333334
0 0.23333333333333334 0.3125 0.17333333333333334 0.12333333333333334
0 0.32083333333333336 0.185 0.3516666666666667 0.155
0 0.4675 0.2875 0.065 0.09
0 0.43416666666666665 0.43333333333333335 0.08666666666666667 0.07
0 0.3775 0.7758333333333334 0.09 0.065
0 0.6925 0.78 0.15833333333333333 0.095
0 0.7566666666666667 0.6633333333333333 0.13166666666666665 0.12166666666666667
0 0.7841666666666667 0.4875 0.085 0.15
0 0.7825 0.335 0.13833333333333334 0.09833333333333333
0 0.775 0.21416666666666667 0.13 0.085