0 0.0125 0.9058333333333334 0.025 0.04833333333333333
0 0.08916666666666667 0.7741666666666667 0.09333333333333334 0.07
0 0.17333333333333334 0.85 0.08333333333333333 0.075
0 0.2875 0.9191666666666667 0.08333333333333333 0.085
0 0.39416666666666667 0.8466666666666667 0.115 0.11333333333333333
0 0.17166666666666666 0.6016666666666667 0.08833333333333333 0.06166666666666667
0 0.3016666666666667 0.65 0.08666666666666667 0.065
0 0.545 0.7475 0.08833333333333333 0.06166666666666667
0 0.6366666666666667 0.6991666666666667 0.075 0.08666666666666667
0 0.21583333333333332 0.42583333333333334 0.09333333333333334 0.17666666666666667
0 0.3975 0.5708333333333333 0.06833333333333333 0.08833333333333333
0 0.485 0.48333333333333334 0.08166666666666667 0.09833333333333333
0 0.4583333333333333 0.3725 0.06 0.065
0 0.2816666666666667 0.25666666666666665 0.07 0.058333333333333334
0 0.7675 0.6108333333333333 0.08 0.075
0 0.8508333333333333 0.47 0.056666666666666664 0.10333333333333333
0 0.95 0.14416666666666667 0.08333333333333333 0.09166666666666666
0 0.7558333333333334 0.36833333333333335 0.07166666666666667 0.07333333333333333
0 0.7091666666666666 0.2825 0.065 0.07166666666666667
0 0.6016666666666667 0.16333333333333333 0.085 0.125
0 0.5091666666666667 0.11166666666666666 0.07 0.06
0 0.4125 0.04416666666666667 0.10666666666666667 0.06666666666666667
0 0.3525 0.006666666666666667 0.10166666666666667 0.013333333333333334