0 0.22833333333333333 0.16166666666666665 0.095 0.18166666666666667
0 0.1775 0.5266666666666666 0.095 0.09833333333333333
0 0.12083333333333333 0.8033333333333333 0.08 0.08166666666666667
0 0.34833333333333333 0.8541666666666666 0.10333333333333333 0.08166666666666667
0 0.6291666666666667 0.8916666666666667 0.10333333333333333 0.115
0 0.23166666666666666 0.8283333333333334 0.09833333333333333 0.06666666666666667
0 0.44416666666666665 0.44 0.09166666666666666 0.08
0 0.37833333333333335 0.28 0.058333333333333334 0.04666666666666667
0 0.38416666666666666 0.11 0.06 0.08833333333333333
0 0.4775 0.12666666666666668 0.04833333333333333 0.08333333333333333
0 0.6858333333333333 0.175 0.12833333333333333 0.085
0 0.9708333333333333 0.3016666666666667 0.058333333333333334 0.14666666666666667
0 0.655 0.6166666666666667 0.09333333333333334 0.07666666666666666
0 0.6916666666666667 0.5225 0.06166666666666667 0.07
0 0.8833333333333333 0.9741666666666666 0.06 0.051666666666666666