0 0.83 0.050833333333333335 0.14833333333333334 0.075
0 0.6575 0.115 0.16 0.15166666666666667
0 0.4841666666666667 0.24333333333333335 0.13166666666666665 0.14
0 0.2708333333333333 0.20833333333333334 0.06833333333333333 0.065
0 0.3125 0.37583333333333335 0.13666666666666666 0.16
0 0.1375 0.505 0.14833333333333334 0.15833333333333333
0 0.024166666666666666 0.6275 0.04833333333333333 0.095
0 0.35 0.9333333333333333 0.20166666666666666 0.12833333333333333
0 0.5116666666666667 0.7791666666666667 0.195 0.15
0 0.6991666666666667 0.6516666666666666 0.16333333333333333 0.11
0 0.8666666666666667 0.53 0.14666666666666667 0.10333333333333333