0 0.08416666666666667 0.8716666666666667 0.12666666666666668 0.13
0 0.043333333333333335 0.73 0.065 0.12333333333333334
0 0.31916666666666665 0.7833333333333333 0.12833333333333333 0.13666666666666666
0 0.2225 0.5591666666666667 0.12166666666666667 0.13166666666666665
0 0.04 0.305 0.08 0.14666666666666667
0 0.05583333333333333 0.07166666666666667 0.11166666666666666 0.09
0 0.44583333333333336 0.375 0.14333333333333334 0.09166666666666666
0 0.5575 0.68 0.10333333333333333 0.115
0 0.7025 0.5583333333333333 0.11833333333333333 0.12333333333333334
0 0.86 0.48333333333333334 0.075 0.08166666666666667
0 0.5958333333333333 0.245 0.14 0.11
0 0.7291666666666666 0.10916666666666666 0.085 0.10333333333333333
0 0.9533333333333334 0.33916666666666667 0.06666666666666667 0.11833333333333333