0 0.3175 0.7325 0.13333333333333333 0.14333333333333334
0 0.4725 0.9175 0.08666666666666667 0.12333333333333334
0 0.6366666666666667 0.945 0.12666666666666668 0.11
0 0.765 0.9608333333333333 0.14 0.07833333333333334
0 0.835 0.5333333333333333 0.125 0.08666666666666667
0 0.8291666666666667 0.715 0.10333333333333333 0.09833333333333333
0 0.6941666666666667 0.5008333333333334 0.09666666666666666 0.08333333333333333
0 0.5275 0.4766666666666667 0.08333333333333333 0.13666666666666666
0 0.385 0.4558333333333333 0.14666666666666667 0.09666666666666666
0 0.215 0.42333333333333334 0.10333333333333333 0.095
0 0.065 0.37 0.11333333333333333 0.11833333333333333
0 0.14916666666666667 0.09583333333333334 0.12333333333333334 0.11666666666666667
0 0.365 0.13166666666666665 0.11833333333333333 0.115
0 0.5683333333333334 0.13666666666666666 0.12 0.12
0 0.7283333333333334 0.1725 0.12166666666666667 0.10833333333333334
0 0.8975 0.18 0.12166666666666667 0.09166666666666666