0 0.95 0.3175 0.07833333333333334 0.08666666666666667
0 0.9066666666666666 0.4558333333333333 0.07166666666666667 0.13166666666666665
0 0.8366666666666667 0.6283333333333333 0.06666666666666667 0.058333333333333334
0 0.7408333333333333 0.6591666666666667 0.07333333333333333 0.07833333333333334
0 0.8083333333333333 0.6866666666666666 0.02666666666666667 0.028333333333333332
0 0.8033333333333333 0.8008333333333333 0.065 0.07166666666666667
0 0.67 0.84 0.14666666666666667 0.05
0 0.5308333333333334 0.8166666666666667 0.06666666666666667 0.06166666666666667
0 0.7008333333333333 0.525 0.06666666666666667 0.09
0 0.6933333333333334 0.44083333333333335 0.05333333333333334 0.058333333333333334
0 0.465 0.9816666666666667 0.1 0.03666666666666667
0 0.36333333333333334 0.935 0.07 0.105
0 0.2775 0.7641666666666667 0.09 0.08166666666666667
0 0.43083333333333335 0.7191666666666666 0.09833333333333333 0.09333333333333334
0 0.42833333333333334 0.8058333333333333 0.041666666666666664 0.055
0 0.2633333333333333 0.61 0.14 0.08666666666666667
0 0.18416666666666667 0.4125 0.08166666666666667 0.07666666666666666
0 0.4216666666666667 0.5341666666666667 0.09666666666666666 0.125
0 0.4058333333333333 0.335 0.15333333333333332 0.11
0 0.5991666666666666 0.2375 0.14833333333333334 0.10166666666666667
0 0.69 0.3475 0.07833333333333334 0.10833333333333334
0 0.7758333333333334 0.205 0.06333333333333334 0.08333333333333333