0 0.555 0.8916666666666667 0.13666666666666666 0.11333333333333333
0 0.4325 0.7941666666666667 0.09833333333333333 0.09333333333333334
0 0.3225 0.72 0.09333333333333334 0.08333333333333333
0 0.22833333333333333 0.6591666666666667 0.11 0.105
0 0.09833333333333333 0.6091666666666666 0.13833333333333334 0.15
0 0.16666666666666666 0.4625 0.09333333333333334 0.09833333333333333
0 0.3283333333333333 0.5266666666666666 0.10333333333333333 0.09166666666666666
0 0.5891666666666666 0.6558333333333334 0.11833333333333333 0.115
0 0.7108333333333333 0.7358333333333333 0.11333333333333333 0.095
0 0.8125 0.5908333333333333 0.11333333333333333 0.1
0 0.6625 0.5066666666666667 0.12333333333333334 0.15
0 0.9216666666666666 0.4166666666666667 0.14833333333333334 0.15666666666666668
0 0.8066666666666666 0.3333333333333333 0.09333333333333334 0.09
0 0.6808333333333333 0.2875 0.09 0.07666666666666666
0 0.5941666666666666 0.18916666666666668 0.11333333333333333 0.10166666666666667
0 0.48 0.185 0.09333333333333334 0.08
0 0.36916666666666664 0.09666666666666666 0.145 0.12666666666666668
0 0.19083333333333333 0.01 0.075 0.02
0 0.1375 0.050833333333333335 0.07333333333333333 0.06333333333333334
0 0.08833333333333333 0.12166666666666667 0.07666666666666666 0.065
0 0.265 0.2833333333333333 0.09166666666666666 0.12
0 0.5183333333333333 0.38083333333333336 0.07333333333333333 0.07333333333333333
0 0.44583333333333336 0.4691666666666667 0.08333333333333333 0.10333333333333333
0 0.33666666666666667 0.36833333333333335 0.03333333333333333 0.03333333333333333
0 0.375 0.33416666666666667 0.02666666666666667 0.028333333333333332