0 0.375 0.013333333333333334 0.08666666666666667 0.02666666666666667
0 0.10916666666666666 0.02666666666666667 0.075 0.05333333333333334
0 0.22083333333333333 0.1225 0.095 0.10166666666666667
0 0.5408333333333334 0.16333333333333333 0.15 0.14833333333333334
0 0.30583333333333335 0.25166666666666665 0.09333333333333334 0.10666666666666667
0 0.03833333333333333 0.38 0.065 0.10333333333333333
0 0.10333333333333333 0.5058333333333334 0.18166666666666667 0.12666666666666668
0 0.020833333333333332 0.8566666666666667 0.041666666666666664 0.13333333333333333
0 0.285 0.5966666666666667 0.1 0.08833333333333333
0 0.4125 0.6608333333333334 0.11833333333333333 0.09833333333333333
0 0.46166666666666667 0.37416666666666665 0.11333333333333333 0.115
0 0.5858333333333333 0.5183333333333333 0.115 0.13166666666666665
0 0.7608333333333334 0.36666666666666664 0.12333333333333334 0.12
0 0.9283333333333333 0.5116666666666667 0.14333333333333334 0.18
0 0.7266666666666667 0.7258333333333333 0.11666666666666667 0.11833333333333333
0 0.6158333333333333 0.9358333333333333 0.15166666666666667 0.12833333333333333
0 0.8975 0.8825 0.08666666666666667 0.11666666666666667
0 0.82 0.9558333333333333 0.09166666666666666 0.06833333333333333