0 0.5175 0.2783333333333333 0.14833333333333334 0.15833333333333333
0 0.22 0.37666666666666665 0.10666666666666667 0.12
0 0.015833333333333335 0.1425 0.03166666666666667 0.11166666666666666
0 0.26916666666666667 0.5316666666666666 0.12 0.12
0 0.5383333333333333 0.43 0.10333333333333333 0.105
0 0.7925 0.4225 0.12166666666666667 0.09666666666666666
0 0.9541666666666667 0.36 0.08166666666666667 0.12166666666666667
0 0.6041666666666666 0.5783333333333334 0.13333333333333333 0.13333333333333333
0 0.31416666666666665 0.7041666666666667 0.12666666666666668 0.14666666666666667
0 0.17666666666666667 0.9616666666666667 0.08666666666666667 0.07666666666666666
0 0.06666666666666667 0.96 0.09 0.08
0 0.4166666666666667 0.8891666666666667 0.15166666666666667 0.13666666666666666
0 0.6425 0.8333333333333334 0.16333333333333333 0.14666666666666667
0 0.8341666666666666 0.7308333333333333 0.155 0.125