0 0.0975 0.7383333333333333 0.11833333333333333 0.12666666666666668
0 0.049166666666666664 0.38083333333333336 0.09833333333333333 0.14166666666666666
0 0.16083333333333333 0.3383333333333333 0.15333333333333332 0.135
0 0.26416666666666666 0.6866666666666666 0.13166666666666665 0.13
0 0.425 0.6475 0.11333333333333333 0.15
0 0.6175 0.6183333333333333 0.14833333333333334 0.14166666666666666
0 0.9075 0.5133333333333333 0.16666666666666666 0.11833333333333333
0 0.5075 0.013333333333333334 0.13833333333333334 0.02666666666666667
0 0.3591666666666667 0.034166666666666665 0.125 0.056666666666666664
0 0.22666666666666666 0.1025 0.11 0.11166666666666666
0 0.5066666666666667 0.305 0.17333333333333334 0.13
0 0.645 0.23 0.125 0.12666666666666668
0 0.33416666666666667 0.2925 0.11166666666666666 0.07666666666666666