0 0.06666666666666667 0.8841666666666667 0.13333333333333333 0.17
0 0.19833333333333333 0.5483333333333333 0.115 0.19
0 0.3975 0.755 0.15 0.135
0 0.6366666666666667 0.8175 0.2 0.14333333333333334
0 0.8925 0.7591666666666667 0.135 0.1
0 0.8358333333333333 0.37 0.19166666666666668 0.145
0 0.5883333333333334 0.31583333333333335 0.17333333333333334 0.11
0 0.34 0.29 0.17333333333333334 0.12166666666666667
0 0.10666666666666667 0.3233333333333333 0.14 0.13666666666666666
0 0.07416666666666667 0.028333333333333332 0.075 0.056666666666666664
0 0.24416666666666667 0.03333333333333333 0.15166666666666667 0.06666666666666667
0 0.505 0.029166666666666667 0.15 0.058333333333333334
0 0.9316666666666666 0.08416666666666667 0.13666666666666666 0.10833333333333334