0 0.1925 0.9383333333333334 0.03 0.06
0 0.17333333333333334 0.7816666666666666 0.043333333333333335 0.06333333333333334
0 0.1475 0.7066666666666667 0.043333333333333335 0.04833333333333333
0 0.13833333333333334 0.6216666666666667 0.05333333333333334 0.058333333333333334
0 0.1225 0.5316666666666666 0.03833333333333333 0.04666666666666667
0 0.1125 0.4475 0.04833333333333333 0.055
0 0.09666666666666666 0.37166666666666665 0.03333333333333333 0.03666666666666667
0 0.08333333333333333 0.28 0.04666666666666667 0.07666666666666666
0 0.060833333333333336 0.12666666666666668 0.04 0.041666666666666664
0 0.32 0.9258333333333333 0.04666666666666667 0.056666666666666664
0 0.31166666666666665 0.8533333333333334 0.025 0.03833333333333333
0 0.30416666666666664 0.7816666666666666 0.025 0.043333333333333335
0 0.2825 0.705 0.03166666666666667 0.045
0 0.23416666666666666 0.44166666666666665 0.025 0.058333333333333334
0 0.2 0.20166666666666666 0.03 0.065
0 0.39166666666666666 0.34 0.04666666666666667 0.06
0 0.38 0.25833333333333336 0.06333333333333334 0.065
0 0.9158333333333334 0.5466666666666666 0.043333333333333335 0.041666666666666664
0 0.9816666666666667 0.5141666666666667 0.03666666666666667 0.045
0 0.8758333333333334 0.2525 0.06333333333333334 0.08166666666666667
0 0.8508333333333333 0.1475 0.045 0.06833333333333333
0 0.655 0.20333333333333334 0.09333333333333334 0.07