0 0.17583333333333334 0.5841666666666666 0.058333333333333334 0.09833333333333333
0 0.3641666666666667 0.4225 0.09 0.10833333333333334
0 0.4775 0.24333333333333335 0.07 0.08333333333333333
0 0.4175 0.12083333333333333 0.08333333333333333 0.07833333333333334
0 0.6033333333333334 0.2975 0.08 0.09166666666666666
0 0.7533333333333333 0.36083333333333334 0.085 0.10666666666666667
0 0.71 0.5191666666666667 0.055 0.07666666666666666
0 0.785 0.6383333333333333 0.06833333333333333 0.065
0 0.685 0.7733333333333333 0.11333333333333333 0.09333333333333334
0 0.49416666666666664 0.8175 0.07 0.09833333333333333
0 0.33666666666666667 0.6558333333333334 0.06 0.105
0 0.3475 0.7766666666666666 0.10666666666666667 0.06166666666666667