0 0.425 0.19166666666666668 0.12833333333333333 0.11833333333333333
0 0.3566666666666667 0.3875 0.105 0.125
0 0.6983333333333334 0.2125 0.10833333333333334 0.095
0 0.9566666666666667 0.065 0.04666666666666667 0.13
0 0.9133333333333333 0.4008333333333333 0.085 0.12333333333333334
0 0.8916666666666667 0.6266666666666667 0.13333333333333333 0.12
0 0.8658333333333333 0.8108333333333333 0.095 0.09833333333333333
0 0.5683333333333334 0.6391666666666667 0.11333333333333333 0.10666666666666667
0 0.6308333333333334 0.42583333333333334 0.105 0.10666666666666667
0 0.31333333333333335 0.5883333333333334 0.11166666666666666 0.10333333333333333
0 0.14583333333333334 0.5116666666666667 0.04666666666666667 0.055
0 0.04 0.665 0.07166666666666667 0.17666666666666667
0 0.31 0.7866666666666666 0.10166666666666667 0.09666666666666666
0 0.5533333333333333 0.8891666666666667 0.10166666666666667 0.19833333333333333
0 0.30083333333333334 0.9658333333333333 0.09166666666666666 0.06833333333333333