0 0.4791666666666667 0.16 0.14166666666666666 0.08
0 0.2841666666666667 0.17333333333333334 0.14666666666666667 0.06833333333333333
0 0.09416666666666666 0.14166666666666666 0.145 0.09166666666666666
0 0.695 0.19166666666666668 0.16666666666666666 0.11833333333333333
0 0.7283333333333334 0.3466666666666667 0.07333333333333333 0.14666666666666667
0 0.7258333333333333 0.5425 0.08333333333333333 0.13833333333333334
0 0.7091666666666666 0.7241666666666666 0.075 0.14
0 0.7183333333333334 0.9366666666666666 0.08 0.12666666666666668
0 0.5358333333333334 0.96 0.14166666666666666 0.08
0 0.33166666666666667 0.9658333333333333 0.16333333333333333 0.058333333333333334
0 0.4483333333333333 0.6275 0.09166666666666666 0.14333333333333334
0 0.3925 0.42083333333333334 0.105 0.09333333333333334
0 0.2675 0.7816666666666666 0.12666666666666668 0.06666666666666667
0 0.04583333333333333 0.7991666666666667 0.09166666666666666 0.075
0 0.0825 0.40166666666666667 0.10333333333333333 0.13166666666666665