0 0.17166666666666666 0.1875 0.14833333333333334 0.10333333333333333
0 0.43166666666666664 0.04 0.12666666666666668 0.08
0 0.6008333333333333 0.06 0.14166666666666666 0.10166666666666667
0 0.7741666666666667 0.1125 0.13 0.13
0 0.9458333333333333 0.16583333333333333 0.10833333333333334 0.085
0 0.88 0.43166666666666664 0.17 0.12
0 0.6933333333333334 0.3675 0.1 0.08833333333333333
0 0.09416666666666666 0.5175 0.17 0.13833333333333334
0 0.145 0.3775 0.07166666666666667 0.055
0 0.5125 0.31 0.12833333333333333 0.07833333333333334
0 0.41583333333333333 0.6116666666666667 0.12666666666666668 0.125
0 0.5975 0.6758333333333333 0.13833333333333334 0.125
0 0.77 0.755 0.12333333333333334 0.10833333333333334
0 0.6633333333333333 0.9716666666666667 0.13 0.056666666666666664
0 0.44 0.9 0.16 0.09166666666666666
0 0.18083333333333335 0.8116666666666666 0.14 0.10833333333333334
0 0.0525 0.7441666666666666 0.105 0.08833333333333333