0 0.22666666666666666 0.059166666666666666 0.085 0.06
0 0.1175 0.22666666666666666 0.09166666666666666 0.1
0 0.43416666666666665 0.16666666666666666 0.14666666666666667 0.145
0 0.23833333333333334 0.3233333333333333 0.09166666666666666 0.105
0 0.02666666666666667 0.5275 0.05333333333333334 0.10166666666666667
0 0.12416666666666666 0.6275 0.18 0.12166666666666667
0 0.11583333333333333 0.9666666666666667 0.11833333333333333 0.06666666666666667
0 0.3258333333333333 0.6583333333333333 0.09833333333333333 0.085
0 0.4666666666666667 0.68 0.11666666666666667 0.095
0 0.425 0.39166666666666666 0.11166666666666666 0.11166666666666666
0 0.5875 0.49083333333333334 0.11166666666666666 0.12833333333333333
0 0.7066666666666667 0.2925 0.12 0.11666666666666667
0 0.9183333333333333 0.37583333333333335 0.15333333333333332 0.17666666666666667
0 0.7858333333333334 0.645 0.115 0.11666666666666667
0 0.7483333333333333 0.8866666666666667 0.14833333333333334 0.14
0 0.9766666666666667 0.7408333333333333 0.04666666666666667 0.115
0 0.945 0.835 0.09 0.065