0 0.41 0.9566666666666667 0.125 0.08666666666666667
0 0.595 0.8733333333333333 0.07166666666666667 0.041666666666666664
0 0.5308333333333334 0.72 0.07666666666666666 0.105
0 0.35333333333333333 0.805 0.08833333333333333 0.11166666666666666
0 0.2875 0.6683333333333333 0.12166666666666667 0.13333333333333333
0 0.4741666666666667 0.5916666666666667 0.08666666666666667 0.09666666666666666
0 0.25333333333333335 0.5225 0.075 0.09166666666666666
0 0.4575 0.44916666666666666 0.08 0.07333333333333333
0 0.9066666666666666 0.505 0.13666666666666666 0.11166666666666666
0 0.8733333333333333 0.24166666666666667 0.08 0.07166666666666667
0 0.4891666666666667 0.2866666666666667 0.06666666666666667 0.10666666666666667
0 0.4225 0.14416666666666667 0.09166666666666666 0.09333333333333334
0 0.2791666666666667 0.12666666666666668 0.09833333333333333 0.08666666666666667
0 0.14833333333333334 0.21666666666666667 0.07166666666666667 0.10833333333333334
0 0.19916666666666666 0.37666666666666665 0.09833333333333333 0.1