0 0.705 0.04583333333333333 0.12333333333333334 0.09166666666666666
0 0.5158333333333334 0.07083333333333333 0.09333333333333334 0.075
0 0.315 0.105 0.09666666666666666 0.08
0 0.5875 0.25666666666666665 0.07666666666666666 0.07666666666666666
0 0.49916666666666665 0.3875 0.12333333333333334 0.12
0 0.41833333333333333 0.5291666666666667 0.065 0.08166666666666667
0 0.335 0.6666666666666666 0.115 0.115
0 0.056666666666666664 0.6783333333333333 0.065 0.058333333333333334
0 0.08 0.8508333333333333 0.041666666666666664 0.085
0 0.10583333333333333 0.9266666666666666 0.05 0.058333333333333334
0 0.30916666666666665 0.8016666666666666 0.11166666666666666 0.09333333333333334
0 0.8258333333333333 0.6033333333333334 0.14666666666666667 0.13166666666666665
0 0.6575 0.5658333333333333 0.08833333333333333 0.08833333333333333
0 0.6475 0.68 0.08666666666666667 0.09333333333333334
0 0.5783333333333334 0.63 0.07 0.08833333333333333
0 0.5566666666666666 0.84 0.11 0.11
0 0.4275 0.96 0.115 0.08
0 0.5258333333333334 0.9825 0.115 0.035