0 0.06333333333333334 0.7216666666666667 0.058333333333333334 0.051666666666666666
0 0.055 0.31083333333333335 0.025 0.10666666666666667
0 0.23833333333333334 0.5233333333333333 0.058333333333333334 0.051666666666666666
0 0.23416666666666666 0.42916666666666664 0.05 0.06666666666666667
0 0.21833333333333332 0.6175 0.051666666666666666 0.07333333333333333
0 0.21666666666666667 0.8 0.04833333333333333 0.06333333333333334
0 0.22916666666666666 0.9741666666666666 0.058333333333333334 0.051666666666666666
0 0.32416666666666666 0.9741666666666666 0.06833333333333333 0.051666666666666666
0 0.5358333333333334 0.93 0.06666666666666667 0.10166666666666667
0 0.5633333333333334 0.6625 0.058333333333333334 0.058333333333333334
0 0.7325 0.48583333333333334 0.04666666666666667 0.051666666666666666
0 0.735 0.5766666666666667 0.03833333333333333 0.05
0 0.7233333333333334 0.6683333333333333 0.06166666666666667 0.06666666666666667
0 0.9133333333333333 0.9333333333333333 0.058333333333333334 0.06166666666666667
0 0.9016666666666666 0.535 0.035 0.06666666666666667
0 0.9066666666666666 0.31 0.06166666666666667 0.07
0 0.42583333333333334 0.305 0.05333333333333334 0.04
0 0.35083333333333333 0.29833333333333334 0.05 0.02666666666666667
0 0.165 0.16916666666666666 0.058333333333333334 0.04
0 0.445 0.14833333333333334 0.043333333333333335 0.04833333333333333
0 0.5425 0.155 0.05 0.02666666666666667