0 0.7408333333333333 0.06 0.15166666666666667 0.12
0 0.6191666666666666 0.17916666666666667 0.13 0.125
0 0.9241666666666667 0.23 0.07 0.09333333333333334
0 0.84 0.345 0.15666666666666668 0.15166666666666667
0 0.955 0.675 0.09 0.13666666666666666
0 0.9025 0.8041666666666667 0.10166666666666667 0.11833333333333333
0 0.7925 0.92 0.13666666666666666 0.08666666666666667
0 0.7225 0.5025 0.15166666666666667 0.11333333333333333
0 0.6083333333333333 0.6341666666666667 0.13666666666666666 0.14
0 0.49166666666666664 0.7866666666666666 0.19333333333333333 0.16333333333333333
0 0.46 0.955 0.19 0.09
0 0.13583333333333333 0.9258333333333333 0.145 0.14833333333333334
0 0.14 0.7558333333333334 0.145 0.12
0 0.23416666666666666 0.6566666666666666 0.11833333333333333 0.095
0 0.31833333333333336 0.5366666666666666 0.125 0.105
0 0.42 0.4191666666666667 0.105 0.09666666666666666
0 0.5025 0.30416666666666664 0.11166666666666666 0.12333333333333334