0 0.03833333333333333 0.3283333333333333 0.07666666666666666 0.41333333333333333
0 0.056666666666666664 0.6825 0.095 0.19333333333333333
0 0.18333333333333332 0.3566666666666667 0.16 0.2816666666666667
0 0.315 0.07333333333333333 0.16833333333333333 0.11833333333333333
0 0.36583333333333334 0.38666666666666666 0.11666666666666667 0.14166666666666666
0 0.4816666666666667 0.034166666666666665 0.10666666666666667 0.06833333333333333
0 0.5441666666666667 0.335 0.13833333333333334 0.16
0 0.7308333333333333 0.3125 0.17166666666666666 0.15333333333333332
0 0.8816666666666667 0.24833333333333332 0.16666666666666666 0.16333333333333333
0 0.99 0.5066666666666667 0.02 0.11666666666666667
0 0.905 0.5741666666666667 0.11833333333333333 0.125
0 0.9583333333333334 0.6725 0.08333333333333333 0.11833333333333333
0 0.7375 0.6108333333333333 0.13833333333333334 0.13
0 0.5958333333333333 0.6708333333333333 0.10833333333333334 0.09333333333333334
0 0.4066666666666667 0.6683333333333333 0.135 0.125
0 0.265 0.6866666666666666 0.135 0.22
0 0.2975 0.9566666666666667 0.14833333333333334 0.08666666666666667
0 0.5341666666666667 0.935 0.23166666666666666 0.13