0 0.9608333333333333 0.12416666666666666 0.07833333333333334 0.105
0 0.8433333333333334 0.2975 0.13833333333333334 0.10833333333333334
0 0.6033333333333334 0.25583333333333336 0.12333333333333334 0.10833333333333334
0 0.7733333333333333 0.4725 0.14666666666666667 0.11166666666666666
0 0.5125 0.5108333333333334 0.11333333333333333 0.10333333333333333
0 0.7608333333333334 0.6766666666666666 0.14666666666666667 0.12833333333333333
0 0.395 0.6825 0.155 0.13333333333333333
0 0.7183333333333334 0.8591666666666666 0.145 0.11166666666666666
0 0.7016666666666667 0.99 0.15666666666666668 0.02
0 0.3466666666666667 0.8941666666666667 0.13833333333333334 0.11833333333333333
0 0.15666666666666668 0.7725 0.13333333333333333 0.15