0 0.6966666666666667 0.19 0.12833333333333333 0.09
0 0.4775 0.20666666666666667 0.11166666666666666 0.08666666666666667
0 0.8416666666666667 0.31833333333333336 0.10666666666666667 0.11666666666666667
0 0.8375 0.6908333333333333 0.115 0.09333333333333334
0 0.6116666666666667 0.835 0.08 0.08833333333333333
0 0.5316666666666666 0.9608333333333333 0.09666666666666666 0.07833333333333334
0 0.34833333333333333 0.715 0.11 0.13166666666666665
0 0.325 0.9125 0.15333333333333332 0.13166666666666665
0 0.16083333333333333 0.95 0.13166666666666665 0.1
0 0.1475 0.7533333333333333 0.06833333333333333 0.07333333333333333
0 0.21166666666666667 0.6433333333333333 0.058333333333333334 0.04833333333333333
0 0.4058333333333333 0.43 0.11333333333333333 0.08333333333333333
0 0.5466666666666666 0.44583333333333336 0.11 0.085
0 0.21333333333333335 0.21 0.16666666666666666 0.115
0 0.04083333333333333 0.4533333333333333 0.08166666666666667 0.12
0 0.23833333333333334 0.41833333333333333 0.17833333333333334 0.10666666666666667