0 0.9016666666666666 0.0525 0.09666666666666666 0.10333333333333333
0 0.9058333333333334 0.22166666666666668 0.13666666666666666 0.135
0 0.5116666666666667 0.14583333333333334 0.08166666666666667 0.08166666666666667
0 0.5675 0.2708333333333333 0.095 0.07333333333333333
0 0.8433333333333334 0.29 0.07166666666666667 0.06166666666666667
0 0.6408333333333334 0.5375 0.11 0.10666666666666667
0 0.43083333333333335 0.485 0.09333333333333334 0.08666666666666667
0 0.37083333333333335 0.655 0.065 0.06
0 0.2375 0.5183333333333333 0.08 0.08833333333333333
0 0.1925 0.8833333333333333 0.095 0.1
0 0.1725 0.9741666666666666 0.095 0.051666666666666666