0 0.7583333333333333 0.725 0.17 0.09833333333333333
0 0.9383333333333334 0.6583333333333333 0.12333333333333334 0.20666666666666667
0 0.9608333333333333 0.3983333333333333 0.06666666666666667 0.058333333333333334
0 0.855 0.27166666666666667 0.06 0.05333333333333334
0 0.6158333333333333 0.2425 0.165 0.1
0 0.335 0.2733333333333333 0.13333333333333333 0.09833333333333333
0 0.06583333333333333 0.3175 0.13166666666666665 0.11833333333333333
0 0.0875 0.7866666666666666 0.125 0.085
0 0.25666666666666665 0.7741666666666667 0.12833333333333333 0.04666666666666667
0 0.03833333333333333 0.6641666666666667 0.051666666666666666 0.041666666666666664
0 0.7241666666666666 0.335 0.07666666666666666 0.05333333333333334