0 0.8933333333333333 0.9075 0.041666666666666664 0.03666666666666667
0 0.965 0.5016666666666667 0.03 0.03
0 0.7083333333333334 0.4033333333333333 0.043333333333333335 0.04
0 0.6933333333333334 0.3175 0.051666666666666666 0.09
0 0.6366666666666667 0.6775 0.03 0.04833333333333333
0 0.034166666666666665 0.49833333333333335 0.04833333333333333 0.058333333333333334
0 0.25166666666666665 0.17583333333333334 0.043333333333333335 0.051666666666666666
0 0.2633333333333333 0.25666666666666665 0.043333333333333335 0.045
0 0.3433333333333333 0.2891666666666667 0.04 0.043333333333333335
0 0.44583333333333336 0.24583333333333332 0.04666666666666667 0.04666666666666667
0 0.6708333333333333 0.07833333333333334 0.06 0.06
0 0.011666666666666667 0.3466666666666667 0.023333333333333334 0.06333333333333334
0 0.16166666666666665 0.48833333333333334 0.045 0.05
0 0.17666666666666667 0.5625 0.02666666666666667 0.045
0 0.345 0.545 0.03166666666666667 0.02666666666666667
0 0.7758333333333334 0.8158333333333333 0.056666666666666664 0.045
0 0.9808333333333333 0.6083333333333333 0.035 0.043333333333333335