0 0.41083333333333333 0.9358333333333333 0.14833333333333334 0.115
0 0.805 0.8375 0.13833333333333334 0.08833333333333333
0 0.9425 0.725 0.08833333333333333 0.07166666666666667
0 0.8066666666666666 0.6975 0.15833333333333333 0.095
0 0.38166666666666665 0.8316666666666667 0.15833333333333333 0.09666666666666666
0 0.21666666666666667 0.805 0.07166666666666667 0.041666666666666664
0 0.32166666666666666 0.6333333333333333 0.16666666666666666 0.11333333333333333
0 0.3225 0.5058333333333334 0.145 0.09
0 0.04583333333333333 0.5025 0.09166666666666666 0.06666666666666667
0 0.035833333333333335 0.3575 0.07166666666666667 0.09166666666666666
0 0.2633333333333333 0.34833333333333333 0.16333333333333333 0.09
0 0.21583333333333332 0.22416666666666665 0.14833333333333334 0.11
0 0.059166666666666666 0.18416666666666667 0.11833333333333333 0.105
0 0.25 0.060833333333333336 0.11833333333333333 0.06166666666666667
0 0.6591666666666667 0.0125 0.185 0.025
0 0.6391666666666667 0.105 0.15333333333333332 0.14
0 0.8308333333333333 0.2 0.11166666666666666 0.09666666666666666
0 0.73 0.4216666666666667 0.15666666666666668 0.10833333333333334
0 0.7558333333333334 0.5808333333333333 0.10833333333333334 0.09166666666666666