0 0.525 0.19833333333333333 0.06 0.06833333333333333
0 0.1675 0.145 0.08166666666666667 0.06166666666666667
0 0.6708333333333333 0.19666666666666666 0.08333333333333333 0.06166666666666667
0 0.7825 0.4175 0.06 0.045
0 0.6566666666666666 0.38416666666666666 0.07166666666666667 0.06833333333333333
0 0.6116666666666667 0.5616666666666666 0.08 0.06
0 0.4625 0.36 0.075 0.08666666666666667
0 0.5816666666666667 0.7225 0.06 0.043333333333333335
0 0.4533333333333333 0.6633333333333333 0.07 0.05333333333333334
0 0.3358333333333333 0.6108333333333333 0.075 0.04666666666666667
0 0.21583333333333332 0.44083333333333335 0.08666666666666667 0.051666666666666666
0 0.13666666666666666 0.5208333333333334 0.06666666666666667 0.055
0 0.11583333333333333 0.3175 0.07833333333333334 0.043333333333333335
0 0.44333333333333336 0.8783333333333333 0.13 0.06666666666666667
0 0.30833333333333335 0.83 0.06333333333333334 0.06166666666666667
0 0.9116666666666666 0.9566666666666667 0.06666666666666667 0.08666666666666667
0 0.115 0.775 0.07833333333333334 0.065