0 0.9775 0.9108333333333334 0.045 0.10166666666666667
0 0.8516666666666667 0.8966666666666666 0.13333333333333333 0.09833333333333333
0 0.6766666666666666 0.8066666666666666 0.08333333333333333 0.095
0 0.30083333333333334 0.8975 0.12 0.08833333333333333
0 0.10333333333333333 0.9433333333333334 0.08166666666666667 0.075
0 0.08 0.8066666666666666 0.075 0.07666666666666666
0 0.0425 0.3125 0.085 0.09166666666666666
0 0.17916666666666667 0.26666666666666666 0.11166666666666666 0.08333333333333333
0 0.31416666666666665 0.19166666666666668 0.11166666666666666 0.09
0 0.51 0.14583333333333334 0.11833333333333333 0.09333333333333334
0 0.6475 0.05333333333333334 0.11666666666666667 0.075
0 0.6533333333333333 0.4475 0.12 0.09166666666666666
0 0.37416666666666665 0.5258333333333334 0.105 0.085
0 0.3975 0.6866666666666666 0.10666666666666667 0.06166666666666667
0 0.7233333333333334 0.5925 0.10666666666666667 0.105
0 0.87 0.11583333333333333 0.21666666666666667 0.14