0 0.8183333333333334 0.15 0.22 0.23166666666666666
0 0.4741666666666667 0.295 0.205 0.2966666666666667
0 0.17666666666666667 0.18083333333333335 0.24833333333333332 0.245
0 0.2075 0.43666666666666665 0.24666666666666667 0.2
0 0.2425 0.6458333333333334 0.255 0.195
0 0.2658333333333333 0.92 0.19166666666666668 0.16
0 0.385 0.9733333333333334 0.10666666666666667 0.05333333333333334
0 0.5441666666666667 0.6516666666666666 0.18166666666666667 0.19333333333333333
0 0.9083333333333333 0.7275 0.18333333333333332 0.19166666666666668
0 0.6191666666666666 0.8691666666666666 0.09666666666666666 0.07833333333333334
0 0.9708333333333333 0.83 0.058333333333333334 0.10333333333333333