0 0.31166666666666665 0.61 0.20166666666666666 0.16
0 0.6291666666666667 0.7666666666666667 0.19666666666666666 0.17833333333333334
0 0.2225 0.14 0.17333333333333334 0.14166666666666666
0 0.445 0.31916666666666665 0.18666666666666668 0.14
0 0.7258333333333333 0.41 0.19166666666666668 0.19
0 0.7891666666666667 0.14416666666666667 0.21166666666666667 0.19166666666666668
0 0.9475 0.6208333333333333 0.105 0.11833333333333333
0 0.9783333333333334 0.45916666666666667 0.043333333333333335 0.10166666666666667
0 0.8416666666666667 0.9033333333333333 0.14 0.10833333333333334
0 0.9058333333333334 0.7641666666666667 0.13666666666666666 0.155
0 0.9866666666666667 0.8616666666666667 0.02666666666666667 0.11666666666666667