0 0.5058333333333334 0.07833333333333334 0.23833333333333334 0.15666666666666668
0 0.6266666666666667 0.3383333333333333 0.13333333333333333 0.13333333333333333
0 0.22916666666666666 0.44416666666666665 0.12666666666666668 0.105
0 0.18333333333333332 0.2941666666666667 0.11833333333333333 0.15666666666666668
0 0.2425 0.595 0.08 0.11166666666666666
0 0.6541666666666667 0.4583333333333333 0.11666666666666667 0.10333333333333333
0 0.6991666666666667 0.6316666666666667 0.13166666666666665 0.105
0 0.7283333333333334 0.7733333333333333 0.13333333333333333 0.12833333333333333
0 0.7541666666666667 0.9291666666666667 0.17833333333333334 0.14166666666666666
0 0.8233333333333334 0.9825 0.16666666666666666 0.035
0 0.30333333333333334 0.7333333333333333 0.11166666666666666 0.09666666666666666
0 0.4191666666666667 0.6566666666666666 0.06166666666666667 0.056666666666666664
0 0.5016666666666667 0.94 0.08 0.08833333333333333
0 0.5191666666666667 0.55 0.08333333333333333 0.07833333333333334
0 0.9616666666666667 0.12666666666666668 0.07666666666666666 0.10333333333333333
0 0.98 0.25583333333333336 0.04 0.08833333333333333