0 0.15583333333333332 0.9683333333333334 0.105 0.06333333333333334
0 0.13083333333333333 0.8258333333333333 0.14833333333333334 0.14833333333333334
0 0.5316666666666666 0.8525 0.08833333333333333 0.09
0 0.46166666666666667 0.7358333333333333 0.1 0.08333333333333333
0 0.185 0.75 0.07666666666666666 0.06833333333333333
0 0.355 0.48 0.12 0.11666666666666667
0 0.57 0.5066666666666667 0.1 0.095
0 0.61 0.3308333333333333 0.07 0.065
0 0.7583333333333333 0.45 0.08833333333333333 0.095
0 0.7583333333333333 0.0825 0.105 0.10833333333333334
0 0.7641666666666667 0.01 0.10166666666666667 0.02