0 0.23083333333333333 0.6975 0.15166666666666667 0.18
0 0.2841666666666667 0.5266666666666666 0.15 0.14833333333333334
0 0.43 0.7133333333333334 0.07333333333333333 0.07833333333333334
0 0.5091666666666667 0.5558333333333333 0.08666666666666667 0.075
0 0.7358333333333333 0.8775 0.17833333333333334 0.15666666666666668
0 0.8366666666666667 0.7541666666666667 0.12166666666666667 0.16833333333333333
0 0.6358333333333334 0.61 0.09333333333333334 0.075
0 0.8983333333333333 0.555 0.14 0.135
0 0.735 0.43916666666666665 0.09833333333333333 0.1
0 0.5291666666666667 0.4725 0.09166666666666666 0.09666666666666666
0 0.3225 0.34 0.14333333333333334 0.095
0 0.8191666666666667 0.16916666666666666 0.115 0.10833333333333334