0 0.8408333333333333 0.7683333333333333 0.06333333333333334 0.17333333333333334
0 0.8083333333333333 0.4008333333333333 0.08 0.085
0 0.8008333333333333 0.11916666666666667 0.06833333333333333 0.07
0 0.5675 0.12083333333333333 0.09166666666666666 0.06666666666666667
0 0.28583333333333333 0.1475 0.08666666666666667 0.10166666666666667
0 0.6875 0.12 0.09 0.051666666666666666
0 0.5675 0.5458333333333333 0.08166666666666667 0.065
0 0.6683333333333333 0.6866666666666666 0.051666666666666666 0.03833333333333333
0 0.7 0.8541666666666666 0.045 0.08166666666666667
0 0.6058333333333333 0.8591666666666666 0.035 0.08
0 0.3925 0.8583333333333333 0.12 0.065
0 0.05416666666666667 0.8058333333333333 0.1 0.13
0 0.3233333333333333 0.42083333333333334 0.08333333333333333 0.06166666666666667
0 0.30833333333333335 0.5216666666666666 0.05 0.06166666666666667
0 0.020833333333333332 0.11583333333333333 0.041666666666666664 0.058333333333333334