0 0.18583333333333332 0.10083333333333333 0.19666666666666666 0.10333333333333333
0 0.7433333333333333 0.1675 0.23333333333333334 0.18
0 0.9616666666666667 0.10083333333333333 0.07666666666666666 0.125
0 0.94 0.39666666666666667 0.12 0.14
0 0.6825 0.41083333333333333 0.20666666666666667 0.15333333333333332
0 0.2375 0.4075 0.18166666666666667 0.25833333333333336
0 0.115 0.775 0.14833333333333334 0.14166666666666666
0 0.39416666666666667 0.74 0.17833333333333334 0.165
0 0.8391666666666666 0.9241666666666667 0.16833333333333333 0.14333333333333334
0 0.40166666666666667 0.9583333333333334 0.12333333333333334 0.07666666666666666
0 0.9633333333333334 0.7491666666666666 0.058333333333333334 0.175
0 0.025 0.48083333333333333 0.05 0.155