0 0.5633333333333334 0.058333333333333334 0.11 0.11666666666666667
0 0.49583333333333335 0.2833333333333333 0.09833333333333333 0.12666666666666668
0 0.2875 0.31166666666666665 0.12 0.09
0 0.13833333333333334 0.44916666666666666 0.08 0.11
0 0.22583333333333333 0.605 0.11 0.08666666666666667
0 0.3958333333333333 0.6091666666666666 0.11166666666666666 0.09
0 0.6908333333333333 0.38166666666666665 0.10333333333333333 0.18166666666666667
0 0.8541666666666666 0.4925 0.11 0.09166666666666666
0 0.9483333333333334 0.7066666666666667 0.10333333333333333 0.14333333333333334
0 0.7916666666666666 0.6533333333333333 0.051666666666666666 0.045
0 0.7525 0.7816666666666666 0.105 0.11833333333333333
0 0.9616666666666667 0.89 0.055 0.08666666666666667
0 0.58 0.75 0.11833333333333333 0.07333333333333333