0 0.10416666666666667 0.7716666666666666 0.07 0.08
0 0.23416666666666666 0.8141666666666667 0.08333333333333333 0.03833333333333333
0 0.36833333333333335 0.85 0.07166666666666667 0.06666666666666667
0 0.6758333333333333 0.92 0.06833333333333333 0.09166666666666666
0 0.755 0.6558333333333334 0.09833333333333333 0.06
0 0.5916666666666667 0.6383333333333333 0.11833333333333333 0.09
0 0.18083333333333335 0.48833333333333334 0.10333333333333333 0.08666666666666667
0 0.10416666666666667 0.6 0.06833333333333333 0.09166666666666666
0 0.26416666666666666 0.32666666666666666 0.09 0.043333333333333335
0 0.49083333333333334 0.385 0.09333333333333334 0.08333333333333333
0 0.6241666666666666 0.4008333333333333 0.065 0.06666666666666667
0 0.74 0.42083333333333334 0.06 0.043333333333333335
0 0.8925 0.18666666666666668 0.05333333333333334 0.085
0 0.9366666666666666 0.36583333333333334 0.058333333333333334 0.08666666666666667
0 0.9925 0.11083333333333334 0.015 0.045
0 0.6091666666666666 0.08333333333333333 0.09 0.06