0 0.9483333333333334 0.8141666666666667 0.10333333333333333 0.15166666666666667
0 0.8308333333333333 0.9058333333333334 0.13333333333333333 0.09833333333333333
0 0.4275 0.835 0.16666666666666666 0.11833333333333333
0 0.5458333333333333 0.7225 0.12666666666666668 0.15833333333333333
0 0.6708333333333333 0.575 0.17666666666666667 0.145
0 0.7975 0.4575 0.15333333333333332 0.13666666666666666
0 0.8441666666666666 0.2633333333333333 0.14833333333333334 0.19833333333333333
0 0.6883333333333334 0.1825 0.17666666666666667 0.13833333333333334
0 0.5266666666666666 0.29583333333333334 0.12166666666666667 0.11333333333333333
0 0.44 0.395 0.08 0.10166666666666667
0 0.3283333333333333 0.505 0.10166666666666667 0.09666666666666666
0 0.2708333333333333 0.0875 0.15 0.12666666666666668
0 0.175 0.20666666666666667 0.1 0.11
0 0.06166666666666667 0.265 0.12333333333333334 0.16666666666666666
0 0.22166666666666668 0.5808333333333333 0.075 0.07166666666666667
0 0.12083333333333333 0.7091666666666666 0.09 0.11