0 0.12166666666666667 0.5916666666666667 0.15166666666666667 0.165
0 0.31666666666666665 0.6608333333333334 0.12 0.13
0 0.52 0.7358333333333333 0.15833333333333333 0.125
0 0.9033333333333333 0.8733333333333333 0.11166666666666666 0.12833333333333333
0 0.7158333333333333 0.5183333333333333 0.16666666666666666 0.18166666666666667
0 0.5466666666666666 0.4125 0.16166666666666665 0.16833333333333333
0 0.3458333333333333 0.3358333333333333 0.15166666666666667 0.16833333333333333
0 0.17083333333333334 0.27416666666666667 0.13833333333333334 0.15166666666666667
0 0.10583333333333333 0.050833333333333335 0.095 0.10166666666666667
0 0.37 0.028333333333333332 0.12333333333333334 0.056666666666666664
0 0.5691666666666667 0.07666666666666666 0.135 0.11333333333333333
0 0.745 0.15333333333333332 0.125 0.16666666666666666
0 0.9216666666666666 0.24416666666666667 0.15666666666666668 0.155