0 0.2875 0.18916666666666668 0.07666666666666666 0.07833333333333334
0 0.13833333333333334 0.17333333333333334 0.07 0.11
0 0.48333333333333334 0.11333333333333333 0.16333333333333333 0.07833333333333334
0 0.735 0.18 0.13333333333333333 0.08666666666666667
0 0.235 0.6225 0.07833333333333334 0.075
0 0.0625 0.2075 0.035 0.07
0 0.23666666666666666 0.765 0.08166666666666667 0.07333333333333333
0 0.36916666666666664 0.7766666666666666 0.11666666666666667 0.08333333333333333
0 0.5416666666666666 0.3875 0.09166666666666666 0.07833333333333334
0 0.5233333333333333 0.6225 0.09333333333333334 0.08166666666666667
0 0.5233333333333333 0.765 0.08833333333333333 0.07666666666666666
0 0.6891666666666667 0.7875 0.07166666666666667 0.065
0 0.8675 0.8191666666666667 0.09166666666666666 0.07333333333333333
0 0.7391666666666666 0.5991666666666666 0.07333333333333333 0.08333333333333333
0 0.6983333333333334 0.4558333333333333 0.08 0.1
0 0.9583333333333334 0.18083333333333335 0.08333333333333333 0.07166666666666667
0 0.9083333333333333 0.28833333333333333 0.06666666666666667 0.075
0 0.9066666666666666 0.4608333333333333 0.06666666666666667 0.10333333333333333
0 0.8758333333333334 0.6525 0.08333333333333333 0.09833333333333333