0 0.8508333333333333 0.9583333333333334 0.16166666666666665 0.08333333333333333
0 0.8291666666666667 0.7716666666666666 0.23333333333333334 0.06666666666666667
0 0.8525 0.5858333333333333 0.205 0.065
0 0.7016666666666667 0.8991666666666667 0.08833333333333333 0.13833333333333334
0 0.5883333333333334 0.9575 0.11166666666666666 0.04833333333333333
0 0.49 0.9333333333333333 0.06 0.05333333333333334
0 0.56 0.8316666666666667 0.11833333333333333 0.07166666666666667
0 0.64 0.4225 0.065 0.051666666666666666
0 0.7708333333333334 0.4275 0.07666666666666666 0.045
0 0.8525 0.4508333333333333 0.06833333333333333 0.04833333333333333
0 0.9575 0.4891666666666667 0.065 0.06
0 0.9866666666666667 0.345 0.02666666666666667 0.07
0 0.8841666666666667 0.32916666666666666 0.06666666666666667 0.03833333333333333
0 0.9208333333333333 0.19 0.08333333333333333 0.055
0 0.7958333333333333 0.3075 0.10666666666666667 0.06166666666666667
0 0.6825 0.2675 0.06333333333333334 0.06
0 0.7075 0.15916666666666668 0.05 0.07
0 0.7233333333333334 0.05583333333333333 0.043333333333333335 0.065
0 0.48833333333333334 0.32166666666666666 0.07166666666666667 0.06333333333333334
0 0.5316666666666666 0.155 0.065 0.09333333333333334
0 0.5491666666666667 0.04 0.056666666666666664 0.08
0 0.35333333333333333 0.2866666666666667 0.07333333333333333 0.041666666666666664
0 0.37083333333333335 0.5758333333333333 0.11333333333333333 0.115
0 0.3675 0.13583333333333333 0.04666666666666667 0.05333333333333334
0 0.3825 0.03 0.055 0.06
0 0.20083333333333334 0.025833333333333333 0.058333333333333334 0.051666666666666666
0 0.16916666666666666 0.1175 0.06166666666666667 0.06
0 0.18416666666666667 0.25083333333333335 0.07333333333333333 0.056666666666666664
0 0.09166666666666666 0.2841666666666667 0.08 0.06333333333333334
0 0.051666666666666666 0.375 0.051666666666666666 0.08666666666666667
0 0.4841666666666667 0.4575 0.06833333333333333 0.10666666666666667
0 0.17166666666666666 0.5383333333333333 0.03833333333333333 0.04833333333333333
0 0.25416666666666665 0.4666666666666667 0.07 0.06166666666666667
0 0.07916666666666666 0.4875 0.065 0.07
0 0.049166666666666664 0.6233333333333333 0.09333333333333334 0.09
0 0.16166666666666665 0.6675 0.09666666666666666 0.09166666666666666
0 0.2658333333333333 0.7291666666666666 0.095 0.07333333333333333
0 0.36833333333333335 0.7683333333333333 0.095 0.075
0 0.2791666666666667 0.9041666666666667 0.08333333333333333 0.07
0 0.0225 0.7775 0.045 0.07833333333333334
0 0.06833333333333333 0.8691666666666666 0.08833333333333333 0.07
0 0.13416666666666666 0.805 0.058333333333333334 0.06666666666666667