0 0.7641666666666667 0.75 0.11333333333333333 0.07333333333333333
0 0.5283333333333333 0.7716666666666666 0.115 0.075
0 0.3616666666666667 0.7516666666666667 0.09166666666666666 0.06666666666666667
0 0.22916666666666666 0.7266666666666667 0.06333333333333334 0.07
0 0.07833333333333334 0.74 0.09 0.07666666666666666
0 0.021666666666666667 0.4608333333333333 0.043333333333333335 0.125
0 0.15 0.49583333333333335 0.08333333333333333 0.075
0 0.31833333333333336 0.49166666666666664 0.07666666666666666 0.07166666666666667
0 0.5466666666666666 0.4925 0.11666666666666667 0.08333333333333333
0 0.7558333333333334 0.49083333333333334 0.135 0.1
0 0.9691666666666666 0.5558333333333333 0.06166666666666667 0.10166666666666667
0 0.9466666666666667 0.25916666666666666 0.10666666666666667 0.12833333333333333
0 0.835 0.225 0.1 0.09
0 0.7041666666666667 0.2275 0.08833333333333333 0.06833333333333333
0 0.5533333333333333 0.2125 0.09166666666666666 0.075
0 0.5991666666666666 0.06166666666666667 0.1 0.115
0 0.34833333333333333 0.07 0.08833333333333333 0.1
0 0.3416666666666667 0.25083333333333335 0.075 0.08833333333333333