0 0.24333333333333335 0.1375 0.08666666666666667 0.07
0 0.041666666666666664 0.7383333333333333 0.07 0.07666666666666666
0 0.1475 0.8775 0.07166666666666667 0.06333333333333334
0 0.3258333333333333 0.7091666666666666 0.075 0.05333333333333334
0 0.125 0.49083333333333334 0.075 0.07
0 0.075 0.3908333333333333 0.08666666666666667 0.05333333333333334
0 0.22333333333333333 0.31666666666666665 0.058333333333333334 0.03666666666666667
0 0.4683333333333333 0.12916666666666668 0.07166666666666667 0.055
0 0.4141666666666667 0.4533333333333333 0.06 0.04666666666666667
0 0.5825 0.425 0.08166666666666667 0.051666666666666666
0 0.6733333333333333 0.19416666666666665 0.10833333333333334 0.09333333333333334
0 0.6791666666666667 0.3983333333333333 0.065 0.05
0 0.5083333333333333 0.6716666666666666 0.07666666666666666 0.06833333333333333
0 0.8316666666666667 0.33666666666666667 0.09333333333333334 0.07
0 0.9666666666666667 0.33166666666666667 0.04833333333333333 0.043333333333333335
0 0.96 0.5775 0.08 0.105
0 0.6875 0.6325 0.10166666666666667 0.09
0 0.8125 0.7933333333333333 0.10166666666666667 0.08833333333333333