0 0.02666666666666667 0.47583333333333333 0.05333333333333334 0.09833333333333333
0 0.1225 0.8883333333333333 0.09 0.1
0 0.16333333333333333 0.6866666666666666 0.11 0.10333333333333333
0 0.07083333333333333 0.6816666666666666 0.09333333333333334 0.09166666666666666
0 0.1775 0.5491666666666667 0.09833333333333333 0.08166666666666667
0 0.2866666666666667 0.475 0.075 0.09
0 0.24583333333333332 0.2708333333333333 0.09333333333333334 0.08666666666666667
0 0.2758333333333333 0.16833333333333333 0.075 0.06666666666666667
0 0.30666666666666664 0.06333333333333334 0.09666666666666666 0.06833333333333333
0 0.42 0.14 0.075 0.07
0 0.5116666666666667 0.19666666666666666 0.058333333333333334 0.06
0 0.5075 0.29583333333333334 0.07833333333333334 0.08666666666666667
0 0.32166666666666666 0.5691666666666667 0.10666666666666667 0.10666666666666667
0 0.405 0.6491666666666667 0.075 0.09333333333333334
0 0.5691666666666667 0.43166666666666664 0.08166666666666667 0.06666666666666667
0 0.635 0.3275 0.07833333333333334 0.06166666666666667
0 0.7416666666666667 0.3175 0.09833333333333333 0.07333333333333333
0 0.8233333333333334 0.3858333333333333 0.10166666666666667 0.09666666666666666
0 0.8033333333333333 0.5041666666666667 0.075 0.09333333333333334
0 0.7275 0.5991666666666666 0.08833333333333333 0.075
0 0.6116666666666667 0.5741666666666667 0.085 0.065
0 0.4975 0.5616666666666666 0.045 0.051666666666666666
0 0.5075 0.72 0.056666666666666664 0.05333333333333334
0 0.5975 0.7808333333333334 0.07666666666666666 0.07166666666666667
0 0.47 0.8683333333333333 0.07666666666666666 0.07
0 0.7883333333333333 0.9191666666666667 0.08333333333333333 0.06
0 0.675 0.8583333333333333 0.06666666666666667 0.06666666666666667
0 0.6141666666666666 0.9566666666666667 0.08833333333333333 0.07666666666666666
0 0.9916666666666667 0.5866666666666667 0.016666666666666666 0.06333333333333334
0 0.9716666666666667 0.6783333333333333 0.056666666666666664 0.06
0 0.9191666666666667 0.7616666666666667 0.08333333333333333 0.06166666666666667
0 0.87 0.8525 0.07333333333333333 0.06333333333333334