0 0.035833333333333335 0.13333333333333333 0.07166666666666667 0.10666666666666667
0 0.1525 0.30333333333333334 0.14 0.11
0 0.3925 0.2575 0.125 0.11
0 0.22583333333333333 0.4775 0.14833333333333334 0.115
0 0.48833333333333334 0.5108333333333334 0.115 0.105
0 0.2425 0.6816666666666666 0.14833333333333334 0.13
0 0.6083333333333333 0.68 0.15666666666666668 0.135
0 0.2875 0.8625 0.14666666666666667 0.11333333333333333
0 0.30666666666666664 0.9908333333333333 0.15666666666666668 0.018333333333333333
0 0.66 0.8916666666666667 0.14 0.12
0 0.8483333333333334 0.7658333333333334 0.135 0.15166666666666667