0 0.8883333333333333 0.6583333333333333 0.22333333333333333 0.25666666666666665
0 0.745 0.37916666666666665 0.15 0.19333333333333333
0 0.6883333333333334 0.04833333333333333 0.12666666666666668 0.09666666666666666
0 0.555 0.14333333333333334 0.12 0.12833333333333333
0 0.43 0.26916666666666667 0.09666666666666666 0.08666666666666667
0 0.145 0.12666666666666668 0.07 0.04833333333333333
0 0.04666666666666667 0.085 0.09333333333333334 0.14333333333333334
0 0.2775 0.35833333333333334 0.12666666666666668 0.125
0 0.1475 0.5275 0.1 0.10833333333333334
0 0.04 0.6266666666666667 0.075 0.12
0 0.405 0.7 0.16666666666666666 0.14833333333333334
0 0.0825 0.9708333333333333 0.125 0.058333333333333334