0 0.24583333333333332 0.07583333333333334 0.09666666666666666 0.08
0 0.3566666666666667 0.13333333333333333 0.12166666666666667 0.175
0 0.3975 0.305 0.08833333333333333 0.06666666666666667
0 0.31083333333333335 0.3883333333333333 0.07333333333333333 0.065
0 0.4116666666666667 0.4275 0.10666666666666667 0.14166666666666666
0 0.7758333333333334 0.3325 0.13833333333333334 0.215
0 0.7775 0.5925 0.165 0.16833333333333333
0 0.7441666666666666 0.8308333333333333 0.13166666666666665 0.12
0 0.7725 0.9266666666666666 0.10166666666666667 0.07
0 0.3675 0.6358333333333334 0.185 0.14833333333333334
0 0.2975 0.87 0.12833333333333333 0.16666666666666666