0 0.26166666666666666 0.20833333333333334 0.07166666666666667 0.07333333333333333
0 0.11166666666666666 0.20583333333333334 0.06166666666666667 0.10666666666666667
0 0.45 0.11666666666666667 0.16166666666666665 0.065
0 0.7058333333333333 0.16083333333333333 0.13 0.07666666666666666
0 0.24666666666666667 0.6458333333333334 0.07333333333333333 0.07
0 0.03833333333333333 0.24666666666666667 0.03 0.06833333333333333
0 0.2608333333333333 0.7866666666666666 0.07666666666666666 0.06833333333333333
0 0.39416666666666667 0.7875 0.11333333333333333 0.075
0 0.5316666666666666 0.38416666666666666 0.08833333333333333 0.07166666666666667
0 0.5341666666666667 0.62 0.08833333333333333 0.075
0 0.5458333333333333 0.7616666666666667 0.08333333333333333 0.07166666666666667
0 0.7141666666666666 0.77 0.06833333333333333 0.06166666666666667
0 0.8933333333333333 0.7858333333333334 0.08666666666666667 0.06666666666666667
0 0.7466666666666667 0.5775 0.06833333333333333 0.08
0 0.6933333333333334 0.43916666666666665 0.07333333333333333 0.09666666666666666
0 0.945 0.14166666666666666 0.11 0.06333333333333334
0 0.8883333333333333 0.25333333333333335 0.06166666666666667 0.07
0 0.9016666666666666 0.42583333333333334 0.058333333333333334 0.1
0 0.8875 0.6191666666666666 0.07666666666666666 0.095