0 0.7341666666666666 0.77 0.24666666666666667 0.16666666666666666
0 0.5058333333333334 0.875 0.23166666666666666 0.14666666666666667
0 0.2625 0.965 0.235 0.07
0 0.17166666666666666 0.8283333333333334 0.22833333333333333 0.17
0 0.4066666666666667 0.7066666666666667 0.19333333333333333 0.12166666666666667
0 0.6291666666666667 0.5633333333333334 0.21833333333333332 0.13166666666666665
0 0.10583333333333333 0.6441666666666667 0.18333333333333332 0.13166666666666665
0 0.36083333333333334 0.49166666666666664 0.22333333333333333 0.18833333333333332
0 0.37583333333333335 0.31166666666666665 0.18166666666666667 0.17333333333333334
0 0.705 0.305 0.385 0.335
0 0.535 0.14833333333333334 0.205 0.11666666666666667
0 0.1275 0.17333333333333334 0.255 0.21333333333333335
0 0.7775 0.0475 0.21833333333333332 0.095
0 0.3441666666666667 0.0675 0.235 0.135
0 0.8808333333333334 0.8758333333333334 0.17333333333333334 0.12166666666666667